solid Default
  facet normal 0 0 0
    outer loop
      vertex 16.210 2.691 2.495
      vertex 16.210 2.691 2.495
      vertex 16.211 2.691 2.495
    endloop
  endfacet
  facet normal 0 0 0
    outer loop
      vertex 16.210 2.691 2.495
      vertex 16.211 2.691 2.495
      vertex 16.210 2.691 2.495
    endloop
  endfacet
  facet normal 0 0 0
    outer loop
      vertex 16.211 2.691 2.495
      vertex 16.210 2.691 2.495
      vertex 16.210 2.691 2.495
    endloop
  endfacet
  facet normal 0 0 0
    outer loop
      vertex 16.210 2.692 2.495
      vertex 16.210 2.692 2.495
      vertex 16.211 2.692 2.495
    endloop
  endfacet
  facet normal 0 0 0
    outer loop
      vertex 16.210 2.692 2.495
      vertex 16.211 2.692 2.495
      vertex 16.210 2.692 2.495
    endloop
  endfacet
  facet normal 0 0 0
    outer loop
      vertex 16.210 2.691 2.495
      vertex 16.210 2.692 2.495
      vertex 16.210 2.691 2.495
    endloop
  endfacet
  facet normal 0 0 0
    outer loop
      vertex 16.210 2.692 2.495
      vertex 16.210 2.691 2.495
      vertex 16.210 2.692 2.495
    endloop
  endfacet
  facet normal 0 0 0
    outer loop
      vertex 16.210 2.691 2.495
      vertex 16.210 2.691 2.495
      vertex 16.210 2.692 2.495
    endloop
  endfacet
  facet normal 0 0 0
    outer loop
      vertex 16.210 2.691 2.495
      vertex 16.210 2.692 2.495
      vertex 16.210 2.692 2.495
    endloop
  endfacet
  facet normal 0 0 0
    outer loop
      vertex 16.210 2.692 2.495
      vertex 16.210 2.691 2.495
      vertex 16.210 2.692 2.495
    endloop
  endfacet
  facet normal 0 0 0
    outer loop
      vertex 16.210 2.691 2.495
      vertex 16.210 2.692 2.495
      vertex 16.210 2.691 2.495
    endloop
  endfacet
  facet normal 0 0 0
    outer loop
      vertex 16.210 2.691 2.495
      vertex 16.210 2.692 2.495
      vertex 16.211 2.691 2.495
    endloop
  endfacet
  facet normal 0 0 0
    outer loop
      vertex 16.210 2.692 2.495
      vertex 16.211 2.691 2.495
      vertex 16.211 2.692 2.495
    endloop
  endfacet
  facet normal 0 0 0
    outer loop
      vertex 16.210 2.691 2.495
      vertex 16.211 2.691 2.495
      vertex 16.210 2.692 2.495
    endloop
  endfacet
  facet normal 0 0 0
    outer loop
      vertex 16.211 2.691 2.495
      vertex 16.210 2.692 2.495
      vertex 16.211 2.692 2.495
    endloop
  endfacet
  facet normal 0 0 0
    outer loop
      vertex 16.210 2.692 2.495
      vertex 16.211 2.692 2.495
      vertex 16.210 2.692 2.495
    endloop
  endfacet
endsolid Default
