solid Default
  facet normal 0 0 0
    outer loop
      vertex 16.483 4.202 -0.147
      vertex 16.483 4.201 -0.147
      vertex 16.483 4.202 -0.147
    endloop
  endfacet
  facet normal 0 0 0
    outer loop
      vertex 16.483 4.201 -0.147
      vertex 16.483 4.202 -0.147
      vertex 16.483 4.201 -0.147
    endloop
  endfacet
  facet normal 0 0 0
    outer loop
      vertex 16.483 4.202 -0.147
      vertex 16.483 4.201 -0.147
      vertex 16.483 4.201 -0.147
    endloop
  endfacet
  facet normal 0 0 0
    outer loop
      vertex 16.483 4.202 -0.147
      vertex 16.483 4.202 -0.147
      vertex 16.483 4.201 -0.147
    endloop
  endfacet
  facet normal 0 0 0
    outer loop
      vertex 16.483 4.202 -0.147
      vertex 16.483 4.201 -0.147
      vertex 16.483 4.202 -0.147
    endloop
  endfacet
  facet normal 0 0 0
    outer loop
      vertex 16.483 4.201 -0.147
      vertex 16.483 4.202 -0.147
      vertex 16.483 4.201 -0.147
    endloop
  endfacet
  facet normal 0 0 0
    outer loop
      vertex 16.483 4.202 -0.147
      vertex 16.483 4.202 -0.147
      vertex 16.483 4.202 -0.147
    endloop
  endfacet
  facet normal 0 0 0
    outer loop
      vertex 16.483 4.202 -0.147
      vertex 16.483 4.202 -0.147
      vertex 16.483 4.202 -0.147
    endloop
  endfacet
  facet normal 0 0 0
    outer loop
      vertex 16.483 4.202 -0.147
      vertex 16.483 4.202 -0.148
      vertex 16.483 4.202 -0.147
    endloop
  endfacet
  facet normal 0 0 0
    outer loop
      vertex 16.483 4.202 -0.148
      vertex 16.483 4.202 -0.147
      vertex 16.483 4.202 -0.148
    endloop
  endfacet
  facet normal 0 0 0
    outer loop
      vertex 16.483 4.202 -0.148
      vertex 16.483 4.201 -0.148
      vertex 16.483 4.202 -0.148
    endloop
  endfacet
  facet normal 0 0 0
    outer loop
      vertex 16.483 4.201 -0.148
      vertex 16.483 4.202 -0.148
      vertex 16.483 4.201 -0.148
    endloop
  endfacet
  facet normal 0 0 0
    outer loop
      vertex 16.483 4.201 -0.148
      vertex 16.483 4.201 -0.147
      vertex 16.483 4.201 -0.148
    endloop
  endfacet
  facet normal 0 0 0
    outer loop
      vertex 16.483 4.201 -0.147
      vertex 16.483 4.201 -0.148
      vertex 16.483 4.201 -0.147
    endloop
  endfacet
  facet normal 0 0 0
    outer loop
      vertex 16.483 4.201 -0.148
      vertex 16.483 4.201 -0.147
      vertex 16.483 4.202 -0.148
    endloop
  endfacet
  facet normal 0 0 0
    outer loop
      vertex 16.483 4.201 -0.147
      vertex 16.483 4.202 -0.148
      vertex 16.483 4.202 -0.147
    endloop
  endfacet
  facet normal 0 0 0
    outer loop
      vertex 16.483 4.201 -0.147
      vertex 16.483 4.201 -0.147
      vertex 16.483 4.201 -0.147
    endloop
  endfacet
  facet normal 0 0 0
    outer loop
      vertex 16.483 4.201 -0.147
      vertex 16.483 4.201 -0.147
      vertex 16.483 4.201 -0.147
    endloop
  endfacet
  facet normal 0 0 0
    outer loop
      vertex 16.483 4.202 -0.147
      vertex 16.483 4.202 -0.148
      vertex 16.483 4.201 -0.147
    endloop
  endfacet
  facet normal 0 0 0
    outer loop
      vertex 16.483 4.202 -0.148
      vertex 16.483 4.201 -0.147
      vertex 16.483 4.201 -0.148
    endloop
  endfacet
endsolid Default
