solid Default
  facet normal 0 0 0
    outer loop
      vertex -13666658332115619282944.000 -7525251324239606038218871406592.000 -7525392768560500949832312029184.000
      vertex -20675201730526138335232.000 -7525251324239606038218871406592.000 -7525392768560500949832312029184.000
      vertex -20675201730526138335232.000 -7525251324239606038218871406592.000 -7525392768560500949832312029184.000
    endloop
  endfacet
  facet normal 0 0 0
    outer loop
      vertex -20675201730526138335232.000 -7525251324239606038218871406592.000 -7525392768560500949832312029184.000
      vertex -20675201730526138335232.000 -7525251324239606038218871406592.000 -7525392768560500949832312029184.000
      vertex -19273494627103904104448.000 -7525251324239606038218871406592.000 -7525392768560500949832312029184.000
    endloop
  endfacet
  facet normal 0 0 0
    outer loop
      vertex -20675201730526138335232.000 -7525251324239606038218871406592.000 -7525392768560500949832312029184.000
      vertex -19273494627103904104448.000 -7525251324239606038218871406592.000 -7525392768560500949832312029184.000
      vertex -19273494627103904104448.000 -7525251324239606038218871406592.000 -7525392768560500949832312029184.000
    endloop
  endfacet
  facet normal 0 0 0
    outer loop
      vertex -19273494627103904104448.000 -7525251324239606038218871406592.000 -7525392768560500949832312029184.000
      vertex -19273494627103904104448.000 -7525251324239606038218871406592.000 -7525392768560500949832312029184.000
      vertex -8059824288927148146688.000 -7525251324239606038218871406592.000 -7525392768560500949832312029184.000
    endloop
  endfacet
  facet normal 0 0 0
    outer loop
      vertex -3854698756535794794496.000 -7525251324239606038218871406592.000 -7525392768560500949832312029184.000
      vertex -10512814534665825157120.000 -7525251324239606038218871406592.000 -7525392768560500949832312029184.000
      vertex 7008542835460565630976.000 -7525251324239606038218871406592.000 -7525392768560500949832312029184.000
    endloop
  endfacet
  facet normal 0 0 0
    outer loop
      vertex -10512814534665825157120.000 -7525251324239606038218871406592.000 -7525392768560500949832312029184.000
      vertex 7008542835460565630976.000 -7525251324239606038218871406592.000 -7525392768560500949832312029184.000
      vertex -9111105742393730662400.000 -7525251324239606038218871406592.000 -7525392768560500949832312029184.000
    endloop
  endfacet
  facet normal 0 0 0
    outer loop
      vertex 7008542835460565630976.000 -7525251324239606038218871406592.000 -7525392768560500949832312029184.000
      vertex -9111105742393730662400.000 -7525251324239606038218871406592.000 -7525392768560500949832312029184.000
      vertex 7709397513071589588992.000 -7525251324239606038218871406592.000 -7525392768560500949832312029184.000
    endloop
  endfacet
  facet normal 0 0 0
    outer loop
      vertex -9111105742393730662400.000 -7525251324239606038218871406592.000 -7525392768560500949832312029184.000
      vertex 7709397513071589588992.000 -7525251324239606038218871406592.000 -7525392768560500949832312029184.000
      vertex 1752135708865141407744.000 -7525251324239606038218871406592.000 -7525392768560500949832312029184.000
    endloop
  endfacet
  facet normal 0 0 0
    outer loop
      vertex -3854698756535794794496.000 -7525251324239606038218871406592.000 -7525392768560500949832312029184.000
      vertex 7008542835460565630976.000 -7525251324239606038218871406592.000 -7525392768560500949832312029184.000
      vertex -10512814534665825157120.000 -7525251324239606038218871406592.000 -7525392768560500949832312029184.000
    endloop
  endfacet
  facet normal 0 0 0
    outer loop
      vertex 7008542835460565630976.000 -7525251324239606038218871406592.000 -7525392768560500949832312029184.000
      vertex -10512814534665825157120.000 -7525251324239606038218871406592.000 -7525392768560500949832312029184.000
      vertex 7709397513071589588992.000 -7525251324239606038218871406592.000 -7525392768560500949832312029184.000
    endloop
  endfacet
  facet normal 0 0 0
    outer loop
      vertex -10512814534665825157120.000 -7525251324239606038218871406592.000 -7525392768560500949832312029184.000
      vertex 7709397513071589588992.000 -7525251324239606038218871406592.000 -7525392768560500949832312029184.000
      vertex -9111105742393730662400.000 -7525251324239606038218871406592.000 -7525392768560500949832312029184.000
    endloop
  endfacet
  facet normal 0 0 0
    outer loop
      vertex 7709397513071589588992.000 -7525251324239606038218871406592.000 -7525392768560500949832312029184.000
      vertex -9111105742393730662400.000 -7525251324239606038218871406592.000 -7525392768560500949832312029184.000
      vertex 1752135708865141407744.000 -7525251324239606038218871406592.000 -7525392768560500949832312029184.000
    endloop
  endfacet
  facet normal 0 0 0
    outer loop
      vertex 7709397513071589588992.000 -7525251324239606038218871406592.000 -7525392768560500949832312029184.000
      vertex 18572638823592973303808.000 -7525251324239606038218871406592.000 -7525392768560500949832312029184.000
      vertex 18572638823592973303808.000 -7525251324239606038218871406592.000 -7525392768560500949832312029184.000
    endloop
  endfacet
  facet normal 0 0 0
    outer loop
      vertex 18572638823592973303808.000 -7525251324239606038218871406592.000 -7525392768560500949832312029184.000
      vertex 18572638823592973303808.000 -7525251324239606038218871406592.000 -7525392768560500949832312029184.000
      vertex 18923065036498578440192.000 -7525251324239606038218871406592.000 -7525392768560500949832312029184.000
    endloop
  endfacet
  facet normal 0 0 0
    outer loop
      vertex 18572638823592973303808.000 -7525251324239606038218871406592.000 -7525392768560500949832312029184.000
      vertex 18923065036498578440192.000 -7525251324239606038218871406592.000 -7525392768560500949832312029184.000
      vertex 18923065036498578440192.000 -7525251324239606038218871406592.000 -7525392768560500949832312029184.000
    endloop
  endfacet
  facet normal 0 0 0
    outer loop
      vertex 18923065036498578440192.000 -7525251324239606038218871406592.000 -7525392768560500949832312029184.000
      vertex 18923065036498578440192.000 -7525251324239606038218871406592.000 -7525392768560500949832312029184.000
      vertex 10512814534665825157120.000 -7525251324239606038218871406592.000 -7525392768560500949832312029184.000
    endloop
  endfacet
  facet normal 0 0 0
    outer loop
      vertex -19273494627103904104448.000 -7525251324239606038218871406592.000 -7525392768560500949832312029184.000
      vertex -9111105742393730662400.000 -7525251324239606038218871406592.000 -7525392768560500949832312029184.000
      vertex -20675201730526138335232.000 -7525251324239606038218871406592.000 -7525392768560500949832312029184.000
    endloop
  endfacet
  facet normal 0 0 0
    outer loop
      vertex -9111105742393730662400.000 -7525251324239606038218871406592.000 -7525392768560500949832312029184.000
      vertex -20675201730526138335232.000 -7525251324239606038218871406592.000 -7525392768560500949832312029184.000
      vertex -10512814534665825157120.000 -7525251324239606038218871406592.000 -7525392768560500949832312029184.000
    endloop
  endfacet
  facet normal 0 0 0
    outer loop
      vertex -13666658332115619282944.000 -7525251324239606038218871406592.000 -7525392768560500949832312029184.000
      vertex -20675201730526138335232.000 -7525251324239606038218871406592.000 -7525392768560500949832312029184.000
      vertex -3854698756535794794496.000 -7525251324239606038218871406592.000 -7525392768560500949832312029184.000
    endloop
  endfacet
  facet normal 0 0 0
    outer loop
      vertex -20675201730526138335232.000 -7525251324239606038218871406592.000 -7525392768560500949832312029184.000
      vertex -3854698756535794794496.000 -7525251324239606038218871406592.000 -7525392768560500949832312029184.000
      vertex -10512814534665825157120.000 -7525251324239606038218871406592.000 -7525392768560500949832312029184.000
    endloop
  endfacet
  facet normal 0 0 0
    outer loop
      vertex -20675201730526138335232.000 -7525251324239606038218871406592.000 -7525392768560500949832312029184.000
      vertex -10512814534665825157120.000 -7525251324239606038218871406592.000 -7525392768560500949832312029184.000
      vertex -19273494627103904104448.000 -7525251324239606038218871406592.000 -7525392768560500949832312029184.000
    endloop
  endfacet
  facet normal 0 0 0
    outer loop
      vertex -10512814534665825157120.000 -7525251324239606038218871406592.000 -7525392768560500949832312029184.000
      vertex -19273494627103904104448.000 -7525251324239606038218871406592.000 -7525392768560500949832312029184.000
      vertex -9111105742393730662400.000 -7525251324239606038218871406592.000 -7525392768560500949832312029184.000
    endloop
  endfacet
  facet normal 0 0 0
    outer loop
      vertex -13666658332115619282944.000 -7525251324239606038218871406592.000 -7525392768560500949832312029184.000
      vertex -3854698756535794794496.000 -7525251324239606038218871406592.000 -7525392768560500949832312029184.000
      vertex -20675201730526138335232.000 -7525251324239606038218871406592.000 -7525392768560500949832312029184.000
    endloop
  endfacet
  facet normal 0 0 0
    outer loop
      vertex -3854698756535794794496.000 -7525251324239606038218871406592.000 -7525392768560500949832312029184.000
      vertex -20675201730526138335232.000 -7525251324239606038218871406592.000 -7525392768560500949832312029184.000
      vertex -10512814534665825157120.000 -7525251324239606038218871406592.000 -7525392768560500949832312029184.000
    endloop
  endfacet
  facet normal 0 0 0
    outer loop
      vertex -19273494627103904104448.000 -7525251324239606038218871406592.000 -7525392768560500949832312029184.000
      vertex -8059824288927148146688.000 -7525251324239606038218871406592.000 -7525392768560500949832312029184.000
      vertex -9111105742393730662400.000 -7525251324239606038218871406592.000 -7525392768560500949832312029184.000
    endloop
  endfacet
  facet normal 0 0 0
    outer loop
      vertex -8059824288927148146688.000 -7525251324239606038218871406592.000 -7525392768560500949832312029184.000
      vertex -9111105742393730662400.000 -7525251324239606038218871406592.000 -7525392768560500949832312029184.000
      vertex 1752135708865141407744.000 -7525251324239606038218871406592.000 -7525392768560500949832312029184.000
    endloop
  endfacet
  facet normal 0 0 0
    outer loop
      vertex -19273494627103904104448.000 -7525251324239606038218871406592.000 -7525392768560500949832312029184.000
      vertex -9111105742393730662400.000 -7525251324239606038218871406592.000 -7525392768560500949832312029184.000
      vertex -8059824288927148146688.000 -7525251324239606038218871406592.000 -7525392768560500949832312029184.000
    endloop
  endfacet
  facet normal 0 0 0
    outer loop
      vertex -9111105742393730662400.000 -7525251324239606038218871406592.000 -7525392768560500949832312029184.000
      vertex -8059824288927148146688.000 -7525251324239606038218871406592.000 -7525392768560500949832312029184.000
      vertex 1752135708865141407744.000 -7525251324239606038218871406592.000 -7525392768560500949832312029184.000
    endloop
  endfacet
  facet normal 0 0 0
    outer loop
      vertex 18572638823592973303808.000 -7525251324239606038218871406592.000 -7525392768560500949832312029184.000
      vertex 18572638823592973303808.000 -7525251324239606038218871406592.000 -7525392768560500949832312029184.000
      vertex 21025629069331650314240.000 -7525251324239606038218871406592.000 -7525392768560500949832312029184.000
    endloop
  endfacet
  facet normal 0 0 0
    outer loop
      vertex 18572638823592973303808.000 -7525251324239606038218871406592.000 -7525392768560500949832312029184.000
      vertex 21025629069331650314240.000 -7525251324239606038218871406592.000 -7525392768560500949832312029184.000
      vertex 21025629069331650314240.000 -7525251324239606038218871406592.000 -7525392768560500949832312029184.000
    endloop
  endfacet
  facet normal 0 0 0
    outer loop
      vertex 18923065036498578440192.000 -7525251324239606038218871406592.000 -7525392768560500949832312029184.000
      vertex 18923065036498578440192.000 -7525251324239606038218871406592.000 -7525392768560500949832312029184.000
      vertex 21025629069331650314240.000 -7525251324239606038218871406592.000 -7525392768560500949832312029184.000
    endloop
  endfacet
  facet normal 0 0 0
    outer loop
      vertex 18923065036498578440192.000 -7525251324239606038218871406592.000 -7525392768560500949832312029184.000
      vertex 21025629069331650314240.000 -7525251324239606038218871406592.000 -7525392768560500949832312029184.000
      vertex 21025629069331650314240.000 -7525251324239606038218871406592.000 -7525392768560500949832312029184.000
    endloop
  endfacet
  facet normal 0 0 0
    outer loop
      vertex -10162387195860313178112.000 -7525251324239606038218871406592.000 -7525392768560500949832312029184.000
      vertex -9811960982954708041728.000 -7525251324239606038218871406592.000 -7525392768560500949832312029184.000
      vertex 7008542835460565630976.000 -7525251324239606038218871406592.000 -7525392768560500949832312029184.000
    endloop
  endfacet
  facet normal 0 0 0
    outer loop
      vertex -9811960982954708041728.000 -7525251324239606038218871406592.000 -7525392768560500949832312029184.000
      vertex 7008542835460565630976.000 -7525251324239606038218871406592.000 -7525392768560500949832312029184.000
      vertex 7358970174266077609984.000 -7525251324239606038218871406592.000 -7525392768560500949832312029184.000
    endloop
  endfacet
  facet normal 0 0 0
    outer loop
      vertex -9811960982954708041728.000 -7525251324239606038218871406592.000 -7525392768560500949832312029184.000
      vertex -10162387195860313178112.000 -7525251324239606038218871406592.000 -7525392768560500949832312029184.000
      vertex 7358970174266077609984.000 -7525251324239606038218871406592.000 -7525392768560500949832312029184.000
    endloop
  endfacet
  facet normal 0 0 0
    outer loop
      vertex -10162387195860313178112.000 -7525251324239606038218871406592.000 -7525392768560500949832312029184.000
      vertex 7358970174266077609984.000 -7525251324239606038218871406592.000 -7525392768560500949832312029184.000
      vertex 7008542835460565630976.000 -7525251324239606038218871406592.000 -7525392768560500949832312029184.000
    endloop
  endfacet
  facet normal 0 0 0
    outer loop
      vertex -9811960982954708041728.000 -7525251324239606038218871406592.000 -7525392768560500949832312029184.000
      vertex -9461532518249289220096.000 -7525251324239606038218871406592.000 -7525392768560500949832312029184.000
      vertex 7358970174266077609984.000 -7525251324239606038218871406592.000 -7525392768560500949832312029184.000
    endloop
  endfacet
  facet normal 0 0 0
    outer loop
      vertex -9461532518249289220096.000 -7525251324239606038218871406592.000 -7525392768560500949832312029184.000
      vertex 7358970174266077609984.000 -7525251324239606038218871406592.000 -7525392768560500949832312029184.000
      vertex 7709397513071589588992.000 -7525251324239606038218871406592.000 -7525392768560500949832312029184.000
    endloop
  endfacet
  facet normal 0 0 0
    outer loop
      vertex -9461532518249289220096.000 -7525251324239606038218871406592.000 -7525392768560500949832312029184.000
      vertex -9811960982954708041728.000 -7525251324239606038218871406592.000 -7525392768560500949832312029184.000
      vertex 7709397513071589588992.000 -7525251324239606038218871406592.000 -7525392768560500949832312029184.000
    endloop
  endfacet
  facet normal 0 0 0
    outer loop
      vertex -9811960982954708041728.000 -7525251324239606038218871406592.000 -7525392768560500949832312029184.000
      vertex 7709397513071589588992.000 -7525251324239606038218871406592.000 -7525392768560500949832312029184.000
      vertex 7358970174266077609984.000 -7525251324239606038218871406592.000 -7525392768560500949832312029184.000
    endloop
  endfacet
  facet normal 0 0 0
    outer loop
      vertex 18923065036498578440192.000 -7525251324239606038218871406592.000 -7525392768560500949832312029184.000
      vertex 21376056408137162293248.000 -7525251324239606038218871406592.000 -7525392768560500949832312029184.000
      vertex 18923065036498578440192.000 -7525251324239606038218871406592.000 -7525392768560500949832312029184.000
    endloop
  endfacet
  facet normal 0 0 0
    outer loop
      vertex 21376056408137162293248.000 -7525251324239606038218871406592.000 -7525392768560500949832312029184.000
      vertex 18923065036498578440192.000 -7525251324239606038218871406592.000 -7525392768560500949832312029184.000
      vertex 21376056408137162293248.000 -7525251324239606038218871406592.000 -7525392768560500949832312029184.000
    endloop
  endfacet
  facet normal 0 0 0
    outer loop
      vertex 7008542835460565630976.000 -7525251324239606038218871406592.000 -7525392768560500949832312029184.000
      vertex 18572638823592973303808.000 -7525251324239606038218871406592.000 -7525392768560500949832312029184.000
      vertex -3854698756535794794496.000 -7525251324239606038218871406592.000 -7525392768560500949832312029184.000
    endloop
  endfacet
  facet normal 0 0 0
    outer loop
      vertex 18572638823592973303808.000 -7525251324239606038218871406592.000 -7525392768560500949832312029184.000
      vertex -3854698756535794794496.000 -7525251324239606038218871406592.000 -7525392768560500949832312029184.000
      vertex 7709397513071589588992.000 -7525251324239606038218871406592.000 -7525392768560500949832312029184.000
    endloop
  endfacet
  facet normal 0 0 0
    outer loop
      vertex -3854698756535794794496.000 -7525251324239606038218871406592.000 -7525392768560500949832312029184.000
      vertex 7709397513071589588992.000 -7525251324239606038218871406592.000 -7525392768560500949832312029184.000
      vertex 7008542835460565630976.000 -7525251324239606038218871406592.000 -7525392768560500949832312029184.000
    endloop
  endfacet
  facet normal 0 0 0
    outer loop
      vertex 7709397513071589588992.000 -7525251324239606038218871406592.000 -7525392768560500949832312029184.000
      vertex 7008542835460565630976.000 -7525251324239606038218871406592.000 -7525392768560500949832312029184.000
      vertex 18572638823592973303808.000 -7525251324239606038218871406592.000 -7525392768560500949832312029184.000
    endloop
  endfacet
  facet normal 0 0 0
    outer loop
      vertex 7709397513071589588992.000 -7525251324239606038218871406592.000 -7525392768560500949832312029184.000
      vertex 18923065036498578440192.000 -7525251324239606038218871406592.000 -7525392768560500949832312029184.000
      vertex 1752135708865141407744.000 -7525251324239606038218871406592.000 -7525392768560500949832312029184.000
    endloop
  endfacet
  facet normal 0 0 0
    outer loop
      vertex 18923065036498578440192.000 -7525251324239606038218871406592.000 -7525392768560500949832312029184.000
      vertex 1752135708865141407744.000 -7525251324239606038218871406592.000 -7525392768560500949832312029184.000
      vertex 10512814534665825157120.000 -7525251324239606038218871406592.000 -7525392768560500949832312029184.000
    endloop
  endfacet
  facet normal 0 0 0
    outer loop
      vertex 1752135708865141407744.000 -7525251324239606038218871406592.000 -7525392768560500949832312029184.000
      vertex 10512814534665825157120.000 -7525251324239606038218871406592.000 -7525392768560500949832312029184.000
      vertex 7709397513071589588992.000 -7525251324239606038218871406592.000 -7525392768560500949832312029184.000
    endloop
  endfacet
  facet normal 0 0 0
    outer loop
      vertex 10512814534665825157120.000 -7525251324239606038218871406592.000 -7525392768560500949832312029184.000
      vertex 7709397513071589588992.000 -7525251324239606038218871406592.000 -7525392768560500949832312029184.000
      vertex 18923065036498578440192.000 -7525251324239606038218871406592.000 -7525392768560500949832312029184.000
    endloop
  endfacet
  facet normal 0 0 0
    outer loop
      vertex 7709397513071589588992.000 -7525251324239606038218871406592.000 -7525392768560500949832312029184.000
      vertex 18923065036498578440192.000 -7525251324239606038218871406592.000 -7525392768560500949832312029184.000
      vertex 7008542835460565630976.000 -7525251324239606038218871406592.000 -7525392768560500949832312029184.000
    endloop
  endfacet
  facet normal 0 0 0
    outer loop
      vertex 18923065036498578440192.000 -7525251324239606038218871406592.000 -7525392768560500949832312029184.000
      vertex 7008542835460565630976.000 -7525251324239606038218871406592.000 -7525392768560500949832312029184.000
      vertex 18572638823592973303808.000 -7525251324239606038218871406592.000 -7525392768560500949832312029184.000
    endloop
  endfacet
  facet normal 0 0 0
    outer loop
      vertex 7008542835460565630976.000 -7525251324239606038218871406592.000 -7525392768560500949832312029184.000
      vertex 18572638823592973303808.000 -7525251324239606038218871406592.000 -7525392768560500949832312029184.000
      vertex 7709397513071589588992.000 -7525251324239606038218871406592.000 -7525392768560500949832312029184.000
    endloop
  endfacet
  facet normal 0 0 0
    outer loop
      vertex 18572638823592973303808.000 -7525251324239606038218871406592.000 -7525392768560500949832312029184.000
      vertex 7709397513071589588992.000 -7525251324239606038218871406592.000 -7525392768560500949832312029184.000
      vertex 18923065036498578440192.000 -7525251324239606038218871406592.000 -7525392768560500949832312029184.000
    endloop
  endfacet
  facet normal 0 0 0
    outer loop
      vertex 21376056408137162293248.000 -7525251324239606038218871406592.000 -7525392768560500949832312029184.000
      vertex 18923065036498578440192.000 -7525251324239606038218871406592.000 -7525392768560500949832312029184.000
      vertex 21376056408137162293248.000 -7525251324239606038218871406592.000 -7525392768560500949832312029184.000
    endloop
  endfacet
  facet normal 0 0 0
    outer loop
      vertex 18923065036498578440192.000 -7525251324239606038218871406592.000 -7525392768560500949832312029184.000
      vertex 21376056408137162293248.000 -7525251324239606038218871406592.000 -7525392768560500949832312029184.000
      vertex 18923065036498578440192.000 -7525251324239606038218871406592.000 -7525392768560500949832312029184.000
    endloop
  endfacet
  facet normal 0 0 0
    outer loop
      vertex -10162387195860313178112.000 -7525251324239606038218871406592.000 -7525392768560500949832312029184.000
      vertex -9461532518249289220096.000 -7525251324239606038218871406592.000 -7525392768560500949832312029184.000
      vertex -9811960982954708041728.000 -7525251324239606038218871406592.000 -7525392768560500949832312029184.000
    endloop
  endfacet
  facet normal 0 0 0
    outer loop
      vertex 7008542835460565630976.000 -7525251324239606038218871406592.000 -7525392768560500949832312029184.000
      vertex 7709397513071589588992.000 -7525251324239606038218871406592.000 -7525392768560500949832312029184.000
      vertex 7358970174266077609984.000 -7525251324239606038218871406592.000 -7525392768560500949832312029184.000
    endloop
  endfacet
  facet normal 0 0 0
    outer loop
      vertex 18923065036498578440192.000 -7525251324239606038218871406592.000 -7525392768560500949832312029184.000
      vertex 21376056408137162293248.000 -7525251324239606038218871406592.000 -7525392768560500949832312029184.000
      vertex 18923065036498578440192.000 -7525251324239606038218871406592.000 -7525392768560500949832312029184.000
    endloop
  endfacet
  facet normal 0 0 0
    outer loop
      vertex -10162387195860313178112.000 -7525251324239606038218871406592.000 -7525392768560500949832312029184.000
      vertex -9811960982954708041728.000 -7525251324239606038218871406592.000 -7525392768560500949832312029184.000
      vertex -9461532518249289220096.000 -7525251324239606038218871406592.000 -7525392768560500949832312029184.000
    endloop
  endfacet
  facet normal 0 0 0
    outer loop
      vertex 18923065036498578440192.000 -7525251324239606038218871406592.000 -7525392768560500949832312029184.000
      vertex 18923065036498578440192.000 -7525251324239606038218871406592.000 -7525392768560500949832312029184.000
      vertex 21376056408137162293248.000 -7525251324239606038218871406592.000 -7525392768560500949832312029184.000
    endloop
  endfacet
  facet normal 0 0 0
    outer loop
      vertex 18572638823592973303808.000 -7525251324239606038218871406592.000 -7525392768560500949832312029184.000
      vertex 18923065036498578440192.000 -7525251324239606038218871406592.000 -7525392768560500949832312029184.000
      vertex 21025629069331650314240.000 -7525251324239606038218871406592.000 -7525392768560500949832312029184.000
    endloop
  endfacet
  facet normal 0 0 0
    outer loop
      vertex 7008542835460565630976.000 -7525251324239606038218871406592.000 -7525392768560500949832312029184.000
      vertex 7358970174266077609984.000 -7525251324239606038218871406592.000 -7525392768560500949832312029184.000
      vertex 7709397513071589588992.000 -7525251324239606038218871406592.000 -7525392768560500949832312029184.000
    endloop
  endfacet
  facet normal 0 0 0
    outer loop
      vertex 18572638823592973303808.000 -7525251324239606038218871406592.000 -7525392768560500949832312029184.000
      vertex 21025629069331650314240.000 -7525251324239606038218871406592.000 -7525392768560500949832312029184.000
      vertex 18923065036498578440192.000 -7525251324239606038218871406592.000 -7525392768560500949832312029184.000
    endloop
  endfacet
endsolid Default
