solid Default
  facet normal 0 0 0
    outer loop
      vertex -22777763511559396524032.000 -7525251324239606038218871406592.000 -7525392768560500949832312029184.000
      vertex -22777763511559396524032.000 -7525251324239606038218871406592.000 -7525392768560500949832312029184.000
      vertex -19974347052915114377216.000 -7525251324239606038218871406592.000 -7525392768560500949832312029184.000
    endloop
  endfacet
  facet normal 0 0 0
    outer loop
      vertex -22777763511559396524032.000 -7525251324239606038218871406592.000 -7525392768560500949832312029184.000
      vertex -19974347052915114377216.000 -7525251324239606038218871406592.000 -7525392768560500949832312029184.000
      vertex -19974347052915114377216.000 -7525251324239606038218871406592.000 -7525392768560500949832312029184.000
    endloop
  endfacet
  facet normal 0 0 0
    outer loop
      vertex -22777763511559396524032.000 -7525251324239606038218871406592.000 -7525392768560500949832312029184.000
      vertex -22777763511559396524032.000 -7525251324239606038218871406592.000 -7525392768560500949832312029184.000
      vertex 73589700616760869257216.000 -7525251324239606038218871406592.000 -7525392768560500949832312029184.000
    endloop
  endfacet
  facet normal 0 0 0
    outer loop
      vertex -22777763511559396524032.000 -7525251324239606038218871406592.000 -7525392768560500949832312029184.000
      vertex 73589700616760869257216.000 -7525251324239606038218871406592.000 -7525392768560500949832312029184.000
      vertex 73589700616760869257216.000 -7525251324239606038218871406592.000 -7525392768560500949832312029184.000
    endloop
  endfacet
  facet normal 0 0 0
    outer loop
      vertex -19974347052915114377216.000 -7525251324239606038218871406592.000 -7525392768560500949832312029184.000
      vertex -22777763511559396524032.000 -7525251324239606038218871406592.000 -7525392768560500949832312029184.000
      vertex 70786286409916400795648.000 -7525251324239606038218871406592.000 -7525392768560500949832312029184.000
    endloop
  endfacet
  facet normal 0 0 0
    outer loop
      vertex -22777763511559396524032.000 -7525251324239606038218871406592.000 -7525392768560500949832312029184.000
      vertex 70786286409916400795648.000 -7525251324239606038218871406592.000 -7525392768560500949832312029184.000
      vertex 73589700616760869257216.000 -7525251324239606038218871406592.000 -7525392768560500949832312029184.000
    endloop
  endfacet
  facet normal 0 0 0
    outer loop
      vertex -19974347052915114377216.000 -7525251324239606038218871406592.000 -7525392768560500949832312029184.000
      vertex 70786286409916400795648.000 -7525251324239606038218871406592.000 -7525392768560500949832312029184.000
      vertex -22777763511559396524032.000 -7525251324239606038218871406592.000 -7525392768560500949832312029184.000
    endloop
  endfacet
  facet normal 0 0 0
    outer loop
      vertex 70786286409916400795648.000 -7525251324239606038218871406592.000 -7525392768560500949832312029184.000
      vertex -22777763511559396524032.000 -7525251324239606038218871406592.000 -7525392768560500949832312029184.000
      vertex 73589700616760869257216.000 -7525251324239606038218871406592.000 -7525392768560500949832312029184.000
    endloop
  endfacet
  facet normal 0 0 0
    outer loop
      vertex -19974347052915114377216.000 -7525251324239606038218871406592.000 -7525392768560500949832312029184.000
      vertex -19974347052915114377216.000 -7525251324239606038218871406592.000 -7525392768560500949832312029184.000
      vertex 70786286409916400795648.000 -7525251324239606038218871406592.000 -7525392768560500949832312029184.000
    endloop
  endfacet
  facet normal 0 0 0
    outer loop
      vertex -19974347052915114377216.000 -7525251324239606038218871406592.000 -7525392768560500949832312029184.000
      vertex 70786286409916400795648.000 -7525251324239606038218871406592.000 -7525392768560500949832312029184.000
      vertex 70786286409916400795648.000 -7525251324239606038218871406592.000 -7525392768560500949832312029184.000
    endloop
  endfacet
  facet normal 0 0 0
    outer loop
      vertex 70786286409916400795648.000 -7525251324239606038218871406592.000 -7525392768560500949832312029184.000
      vertex 70786286409916400795648.000 -7525251324239606038218871406592.000 -7525392768560500949832312029184.000
      vertex 73589700616760869257216.000 -7525251324239606038218871406592.000 -7525392768560500949832312029184.000
    endloop
  endfacet
  facet normal 0 0 0
    outer loop
      vertex 70786286409916400795648.000 -7525251324239606038218871406592.000 -7525392768560500949832312029184.000
      vertex 73589700616760869257216.000 -7525251324239606038218871406592.000 -7525392768560500949832312029184.000
      vertex 73589700616760869257216.000 -7525251324239606038218871406592.000 -7525392768560500949832312029184.000
    endloop
  endfacet
endsolid Default
