solid Default
  facet normal 0 0 0
    outer loop
      vertex 16.503 3.190 -1.107
      vertex 16.503 3.190 -1.107
      vertex 16.503 3.190 -1.107
    endloop
  endfacet
  facet normal 0 0 0
    outer loop
      vertex 16.503 3.190 -1.107
      vertex 16.503 3.190 -1.107
      vertex 16.503 3.190 -1.107
    endloop
  endfacet
  facet normal 0 0 0
    outer loop
      vertex 16.503 3.190 -1.107
      vertex 16.503 3.190 -1.107
      vertex 16.503 3.190 -1.107
    endloop
  endfacet
  facet normal 0 0 0
    outer loop
      vertex 16.503 3.190 -1.107
      vertex 16.503 3.190 -1.107
      vertex 16.504 3.190 -1.107
    endloop
  endfacet
  facet normal 0 0 0
    outer loop
      vertex 16.503 3.190 -1.107
      vertex 16.503 3.190 -1.108
      vertex 16.504 3.190 -1.107
    endloop
  endfacet
  facet normal 0 0 0
    outer loop
      vertex 16.503 3.190 -1.108
      vertex 16.504 3.190 -1.107
      vertex 16.504 3.190 -1.108
    endloop
  endfacet
  facet normal 0 0 0
    outer loop
      vertex 16.503 3.190 -1.108
      vertex 16.503 3.190 -1.107
      vertex 16.503 3.190 -1.108
    endloop
  endfacet
  facet normal 0 0 0
    outer loop
      vertex 16.503 3.190 -1.107
      vertex 16.503 3.190 -1.108
      vertex 16.503 3.190 -1.107
    endloop
  endfacet
  facet normal 0 0 0
    outer loop
      vertex 16.503 3.190 -1.107
      vertex 16.504 3.190 -1.107
      vertex 16.503 3.190 -1.108
    endloop
  endfacet
  facet normal 0 0 0
    outer loop
      vertex 16.504 3.190 -1.107
      vertex 16.503 3.190 -1.108
      vertex 16.504 3.190 -1.108
    endloop
  endfacet
  facet normal 0 0 0
    outer loop
      vertex 16.504 3.190 -1.108
      vertex 16.504 3.190 -1.108
      vertex 16.503 3.190 -1.108
    endloop
  endfacet
  facet normal 0 0 0
    outer loop
      vertex 16.504 3.190 -1.108
      vertex 16.503 3.190 -1.108
      vertex 16.503 3.190 -1.108
    endloop
  endfacet
  facet normal 0 0 0
    outer loop
      vertex 16.503 3.190 -1.107
      vertex 16.503 3.190 -1.107
      vertex 16.504 3.190 -1.107
    endloop
  endfacet
  facet normal 0 0 0
    outer loop
      vertex 16.503 3.190 -1.107
      vertex 16.504 3.190 -1.107
      vertex 16.503 3.190 -1.107
    endloop
  endfacet
  facet normal 0 0 0
    outer loop
      vertex 16.503 3.190 -1.107
      vertex 16.503 3.190 -1.107
      vertex 16.503 3.190 -1.107
    endloop
  endfacet
  facet normal 0 0 0
    outer loop
      vertex 16.503 3.190 -1.107
      vertex 16.503 3.190 -1.107
      vertex 16.503 3.190 -1.107
    endloop
  endfacet
  facet normal 0 0 0
    outer loop
      vertex 16.503 3.190 -1.107
      vertex 16.504 3.190 -1.107
      vertex 16.503 3.190 -1.107
    endloop
  endfacet
  facet normal 0 0 0
    outer loop
      vertex 16.504 3.190 -1.107
      vertex 16.503 3.190 -1.107
      vertex 16.504 3.190 -1.107
    endloop
  endfacet
  facet normal 0 0 0
    outer loop
      vertex 16.504 3.190 -1.107
      vertex 16.504 3.190 -1.108
      vertex 16.504 3.190 -1.107
    endloop
  endfacet
  facet normal 0 0 0
    outer loop
      vertex 16.504 3.190 -1.108
      vertex 16.504 3.190 -1.107
      vertex 16.504 3.190 -1.108
    endloop
  endfacet
endsolid Default
