solid Default
  facet normal 0 0 0
    outer loop
      vertex 16.503 3.190 -0.197
      vertex 16.503 3.190 -0.197
      vertex 16.503 3.190 -0.197
    endloop
  endfacet
  facet normal 0 0 0
    outer loop
      vertex 16.503 3.190 -0.197
      vertex 16.503 3.190 -0.197
      vertex 16.503 3.190 -0.197
    endloop
  endfacet
  facet normal 0 0 0
    outer loop
      vertex 16.503 3.190 -0.197
      vertex 16.503 3.190 -0.197
      vertex 16.503 3.190 -0.198
    endloop
  endfacet
  facet normal 0 0 0
    outer loop
      vertex 16.503 3.190 -0.197
      vertex 16.503 3.190 -0.198
      vertex 16.503 3.190 -0.198
    endloop
  endfacet
  facet normal 0 0 0
    outer loop
      vertex 16.503 3.190 -0.197
      vertex 16.503 3.190 -0.197
      vertex 16.504 3.190 -0.197
    endloop
  endfacet
  facet normal 0 0 0
    outer loop
      vertex 16.503 3.190 -0.197
      vertex 16.504 3.190 -0.197
      vertex 16.504 3.190 -0.197
    endloop
  endfacet
  facet normal 0 0 0
    outer loop
      vertex 16.503 3.190 -0.197
      vertex 16.503 3.190 -0.197
      vertex 16.504 3.190 -0.197
    endloop
  endfacet
  facet normal 0 0 0
    outer loop
      vertex 16.503 3.190 -0.197
      vertex 16.504 3.190 -0.197
      vertex 16.504 3.190 -0.197
    endloop
  endfacet
  facet normal 0 0 0
    outer loop
      vertex 16.503 3.190 -0.197
      vertex 16.503 3.190 -0.198
      vertex 16.504 3.190 -0.197
    endloop
  endfacet
  facet normal 0 0 0
    outer loop
      vertex 16.503 3.190 -0.198
      vertex 16.504 3.190 -0.197
      vertex 16.504 3.190 -0.198
    endloop
  endfacet
  facet normal 0 0 0
    outer loop
      vertex 16.504 3.190 -0.198
      vertex 16.504 3.190 -0.198
      vertex 16.503 3.190 -0.198
    endloop
  endfacet
  facet normal 0 0 0
    outer loop
      vertex 16.504 3.190 -0.198
      vertex 16.503 3.190 -0.198
      vertex 16.503 3.190 -0.198
    endloop
  endfacet
  facet normal 0 0 0
    outer loop
      vertex 16.504 3.190 -0.198
      vertex 16.504 3.190 -0.197
      vertex 16.503 3.190 -0.198
    endloop
  endfacet
  facet normal 0 0 0
    outer loop
      vertex 16.504 3.190 -0.197
      vertex 16.503 3.190 -0.198
      vertex 16.503 3.190 -0.197
    endloop
  endfacet
  facet normal 0 0 0
    outer loop
      vertex 16.504 3.190 -0.197
      vertex 16.503 3.190 -0.197
      vertex 16.504 3.190 -0.197
    endloop
  endfacet
  facet normal 0 0 0
    outer loop
      vertex 16.503 3.190 -0.197
      vertex 16.504 3.190 -0.197
      vertex 16.503 3.190 -0.197
    endloop
  endfacet
  facet normal 0 0 0
    outer loop
      vertex 16.504 3.190 -0.197
      vertex 16.504 3.190 -0.197
      vertex 16.504 3.190 -0.197
    endloop
  endfacet
  facet normal 0 0 0
    outer loop
      vertex 16.504 3.190 -0.197
      vertex 16.504 3.190 -0.197
      vertex 16.504 3.190 -0.197
    endloop
  endfacet
  facet normal 0 0 0
    outer loop
      vertex 16.504 3.190 -0.197
      vertex 16.504 3.190 -0.198
      vertex 16.504 3.190 -0.197
    endloop
  endfacet
  facet normal 0 0 0
    outer loop
      vertex 16.504 3.190 -0.198
      vertex 16.504 3.190 -0.197
      vertex 16.504 3.190 -0.198
    endloop
  endfacet
endsolid Default
