solid Default
  facet normal 0 0 0
    outer loop
      vertex 16.503 4.207 -1.392
      vertex 16.503 4.207 -1.392
      vertex 16.504 4.207 -1.391
    endloop
  endfacet
  facet normal 0 0 0
    outer loop
      vertex 16.503 4.207 -1.392
      vertex 16.504 4.207 -1.391
      vertex 16.504 4.207 -1.391
    endloop
  endfacet
  facet normal 0 0 0
    outer loop
      vertex 16.504 4.207 -1.391
      vertex 16.504 4.207 -1.391
      vertex 16.503 4.207 -1.391
    endloop
  endfacet
  facet normal 0 0 0
    outer loop
      vertex 16.504 4.207 -1.391
      vertex 16.503 4.207 -1.391
      vertex 16.503 4.207 -1.391
    endloop
  endfacet
  facet normal 0 0 0
    outer loop
      vertex 16.503 4.207 -1.391
      vertex 16.503 4.207 -1.392
      vertex 16.504 4.207 -1.391
    endloop
  endfacet
  facet normal 0 0 0
    outer loop
      vertex 16.503 4.207 -1.392
      vertex 16.504 4.207 -1.391
      vertex 16.503 4.207 -1.392
    endloop
  endfacet
  facet normal 0 0 0
    outer loop
      vertex 16.503 4.207 -1.392
      vertex 16.503 4.207 -1.391
      vertex 16.503 4.207 -1.392
    endloop
  endfacet
  facet normal 0 0 0
    outer loop
      vertex 16.503 4.207 -1.391
      vertex 16.503 4.207 -1.392
      vertex 16.503 4.207 -1.391
    endloop
  endfacet
  facet normal 0 0 0
    outer loop
      vertex 16.503 4.207 -1.391
      vertex 16.504 4.207 -1.391
      vertex 16.503 4.207 -1.392
    endloop
  endfacet
  facet normal 0 0 0
    outer loop
      vertex 16.504 4.207 -1.391
      vertex 16.503 4.207 -1.392
      vertex 16.503 4.207 -1.392
    endloop
  endfacet
  facet normal 0 0 0
    outer loop
      vertex 16.503 4.207 -1.392
      vertex 16.503 4.207 -1.392
      vertex 16.503 4.207 -1.392
    endloop
  endfacet
  facet normal 0 0 0
    outer loop
      vertex 16.503 4.207 -1.392
      vertex 16.503 4.207 -1.392
      vertex 16.503 4.207 -1.392
    endloop
  endfacet
  facet normal 0 0 0
    outer loop
      vertex 16.503 4.207 -1.391
      vertex 16.503 4.207 -1.391
      vertex 16.503 4.207 -1.391
    endloop
  endfacet
  facet normal 0 0 0
    outer loop
      vertex 16.503 4.207 -1.391
      vertex 16.503 4.207 -1.391
      vertex 16.503 4.207 -1.391
    endloop
  endfacet
  facet normal 0 0 0
    outer loop
      vertex 16.503 4.207 -1.391
      vertex 16.503 4.207 -1.391
      vertex 16.504 4.207 -1.391
    endloop
  endfacet
  facet normal 0 0 0
    outer loop
      vertex 16.503 4.207 -1.391
      vertex 16.504 4.207 -1.391
      vertex 16.503 4.207 -1.391
    endloop
  endfacet
  facet normal 0 0 0
    outer loop
      vertex 16.503 4.207 -1.391
      vertex 16.503 4.207 -1.391
      vertex 16.503 4.207 -1.391
    endloop
  endfacet
  facet normal 0 0 0
    outer loop
      vertex 16.503 4.207 -1.391
      vertex 16.503 4.207 -1.391
      vertex 16.503 4.207 -1.391
    endloop
  endfacet
  facet normal 0 0 0
    outer loop
      vertex 16.504 4.207 -1.391
      vertex 16.503 4.207 -1.391
      vertex 16.503 4.207 -1.391
    endloop
  endfacet
  facet normal 0 0 0
    outer loop
      vertex 16.503 4.207 -1.391
      vertex 16.503 4.207 -1.391
      vertex 16.503 4.207 -1.391
    endloop
  endfacet
endsolid Default
