solid Default
  facet normal 0 0 0
    outer loop
      vertex 16.503 4.207 -0.147
      vertex 16.503 4.207 -0.147
      vertex 16.503 4.207 -0.147
    endloop
  endfacet
  facet normal 0 0 0
    outer loop
      vertex 16.503 4.207 -0.147
      vertex 16.503 4.207 -0.147
      vertex 16.503 4.207 -0.147
    endloop
  endfacet
  facet normal 0 0 0
    outer loop
      vertex 16.503 4.207 -0.147
      vertex 16.503 4.207 -0.147
      vertex 16.504 4.207 -0.147
    endloop
  endfacet
  facet normal 0 0 0
    outer loop
      vertex 16.503 4.207 -0.147
      vertex 16.504 4.207 -0.147
      vertex 16.504 4.207 -0.147
    endloop
  endfacet
  facet normal 0 0 0
    outer loop
      vertex 16.504 4.207 -0.147
      vertex 16.504 4.207 -0.147
      vertex 16.504 4.207 -0.147
    endloop
  endfacet
  facet normal 0 0 0
    outer loop
      vertex 16.504 4.207 -0.147
      vertex 16.504 4.207 -0.147
      vertex 16.504 4.207 -0.147
    endloop
  endfacet
  facet normal 0 0 0
    outer loop
      vertex 16.503 4.207 -0.147
      vertex 16.503 4.207 -0.147
      vertex 16.504 4.207 -0.147
    endloop
  endfacet
  facet normal 0 0 0
    outer loop
      vertex 16.503 4.207 -0.147
      vertex 16.504 4.207 -0.147
      vertex 16.504 4.207 -0.147
    endloop
  endfacet
  facet normal 0 0 0
    outer loop
      vertex 16.503 4.207 -0.147
      vertex 16.503 4.207 -0.148
      vertex 16.504 4.207 -0.147
    endloop
  endfacet
  facet normal 0 0 0
    outer loop
      vertex 16.503 4.207 -0.148
      vertex 16.504 4.207 -0.147
      vertex 16.504 4.207 -0.148
    endloop
  endfacet
  facet normal 0 0 0
    outer loop
      vertex 16.504 4.207 -0.148
      vertex 16.504 4.207 -0.148
      vertex 16.503 4.207 -0.148
    endloop
  endfacet
  facet normal 0 0 0
    outer loop
      vertex 16.504 4.207 -0.148
      vertex 16.503 4.207 -0.148
      vertex 16.503 4.207 -0.148
    endloop
  endfacet
  facet normal 0 0 0
    outer loop
      vertex 16.504 4.207 -0.148
      vertex 16.504 4.207 -0.147
      vertex 16.503 4.207 -0.148
    endloop
  endfacet
  facet normal 0 0 0
    outer loop
      vertex 16.504 4.207 -0.147
      vertex 16.503 4.207 -0.148
      vertex 16.503 4.207 -0.147
    endloop
  endfacet
  facet normal 0 0 0
    outer loop
      vertex 16.503 4.207 -0.148
      vertex 16.503 4.207 -0.147
      vertex 16.503 4.207 -0.148
    endloop
  endfacet
  facet normal 0 0 0
    outer loop
      vertex 16.503 4.207 -0.147
      vertex 16.503 4.207 -0.148
      vertex 16.503 4.207 -0.147
    endloop
  endfacet
  facet normal 0 0 0
    outer loop
      vertex 16.503 4.207 -0.147
      vertex 16.503 4.207 -0.147
      vertex 16.504 4.207 -0.147
    endloop
  endfacet
  facet normal 0 0 0
    outer loop
      vertex 16.503 4.207 -0.147
      vertex 16.504 4.207 -0.147
      vertex 16.504 4.207 -0.147
    endloop
  endfacet
  facet normal 0 0 0
    outer loop
      vertex 16.504 4.207 -0.147
      vertex 16.504 4.207 -0.148
      vertex 16.504 4.207 -0.147
    endloop
  endfacet
  facet normal 0 0 0
    outer loop
      vertex 16.504 4.207 -0.148
      vertex 16.504 4.207 -0.147
      vertex 16.504 4.207 -0.148
    endloop
  endfacet
endsolid Default
