solid Default
  facet normal 0 0 0
    outer loop
      vertex 16.503 2.620 -1.607
      vertex 16.503 2.620 -1.607
      vertex 16.504 2.620 -1.606
    endloop
  endfacet
  facet normal 0 0 0
    outer loop
      vertex 16.503 2.620 -1.607
      vertex 16.504 2.620 -1.606
      vertex 16.504 2.620 -1.606
    endloop
  endfacet
  facet normal 0 0 0
    outer loop
      vertex 16.504 2.620 -1.606
      vertex 16.504 2.620 -1.606
      vertex 16.503 2.620 -1.606
    endloop
  endfacet
  facet normal 0 0 0
    outer loop
      vertex 16.504 2.620 -1.606
      vertex 16.503 2.620 -1.606
      vertex 16.503 2.620 -1.606
    endloop
  endfacet
  facet normal 0 0 0
    outer loop
      vertex 16.503 2.620 -1.606
      vertex 16.503 2.620 -1.606
      vertex 16.504 2.620 -1.606
    endloop
  endfacet
  facet normal 0 0 0
    outer loop
      vertex 16.503 2.620 -1.606
      vertex 16.504 2.620 -1.606
      vertex 16.503 2.620 -1.606
    endloop
  endfacet
  facet normal 0 0 0
    outer loop
      vertex 16.503 2.620 -1.606
      vertex 16.503 2.620 -1.606
      vertex 16.503 2.620 -1.606
    endloop
  endfacet
  facet normal 0 0 0
    outer loop
      vertex 16.503 2.620 -1.606
      vertex 16.503 2.620 -1.606
      vertex 16.504 2.620 -1.606
    endloop
  endfacet
  facet normal 0 0 0
    outer loop
      vertex 16.503 2.620 -1.606
      vertex 16.503 2.620 -1.607
      vertex 16.504 2.620 -1.606
    endloop
  endfacet
  facet normal 0 0 0
    outer loop
      vertex 16.503 2.620 -1.607
      vertex 16.504 2.620 -1.606
      vertex 16.503 2.620 -1.607
    endloop
  endfacet
  facet normal 0 0 0
    outer loop
      vertex 16.503 2.620 -1.607
      vertex 16.503 2.620 -1.607
      vertex 16.503 2.620 -1.607
    endloop
  endfacet
  facet normal 0 0 0
    outer loop
      vertex 16.503 2.620 -1.607
      vertex 16.503 2.620 -1.607
      vertex 16.503 2.620 -1.607
    endloop
  endfacet
  facet normal 0 0 0
    outer loop
      vertex 16.503 2.620 -1.607
      vertex 16.504 2.620 -1.606
      vertex 16.503 2.620 -1.607
    endloop
  endfacet
  facet normal 0 0 0
    outer loop
      vertex 16.504 2.620 -1.606
      vertex 16.503 2.620 -1.607
      vertex 16.503 2.620 -1.606
    endloop
  endfacet
  facet normal 0 0 0
    outer loop
      vertex 16.503 2.620 -1.606
      vertex 16.503 2.620 -1.606
      vertex 16.503 2.620 -1.606
    endloop
  endfacet
  facet normal 0 0 0
    outer loop
      vertex 16.503 2.620 -1.606
      vertex 16.503 2.620 -1.606
      vertex 16.503 2.620 -1.606
    endloop
  endfacet
  facet normal 0 0 0
    outer loop
      vertex 16.503 2.620 -1.606
      vertex 16.503 2.620 -1.606
      vertex 16.503 2.620 -1.606
    endloop
  endfacet
  facet normal 0 0 0
    outer loop
      vertex 16.503 2.620 -1.606
      vertex 16.503 2.620 -1.606
      vertex 16.503 2.620 -1.606
    endloop
  endfacet
  facet normal 0 0 0
    outer loop
      vertex 16.503 2.620 -1.607
      vertex 16.503 2.620 -1.606
      vertex 16.503 2.620 -1.607
    endloop
  endfacet
  facet normal 0 0 0
    outer loop
      vertex 16.503 2.620 -1.606
      vertex 16.503 2.620 -1.607
      vertex 16.503 2.620 -1.606
    endloop
  endfacet
endsolid Default
