solid Default
  facet normal 0 0 0
    outer loop
      vertex 421563874662048610648064.000 -7525251324239606038218871406592.000 -7525392768560500949832312029184.000
      vertex 421563874662048610648064.000 -7525251324239606038218871406592.000 -7525392768560500949832312029184.000
      vertex 332555380145044469055488.000 -7525251324239606038218871406592.000 -7525392768560500949832312029184.000
    endloop
  endfacet
  facet normal 0 0 0
    outer loop
      vertex 421563874662048610648064.000 -7525251324239606038218871406592.000 -7525392768560500949832312029184.000
      vertex 332555380145044469055488.000 -7525251324239606038218871406592.000 -7525392768560500949832312029184.000
      vertex 332555380145044469055488.000 -7525251324239606038218871406592.000 -7525392768560500949832312029184.000
    endloop
  endfacet
  facet normal 0 0 0
    outer loop
      vertex 332555380145044469055488.000 -7525251324239606038218871406592.000 -7525392768560500949832312029184.000
      vertex 332555380145044469055488.000 -7525251324239606038218871406592.000 -7525392768560500949832312029184.000
      vertex -24179472866781444440064.000 -7525251324239606038218871406592.000 -7525392768560500949832312029184.000
    endloop
  endfacet
  facet normal 0 0 0
    outer loop
      vertex 332555380145044469055488.000 -7525251324239606038218871406592.000 -7525392768560500949832312029184.000
      vertex -24179472866781444440064.000 -7525251324239606038218871406592.000 -7525392768560500949832312029184.000
      vertex -23478618189170420482048.000 -7525251324239606038218871406592.000 -7525392768560500949832312029184.000
    endloop
  endfacet
  facet normal 0 0 0
    outer loop
      vertex -24179472866781444440064.000 -7525251324239606038218871406592.000 -7525392768560500949832312029184.000
      vertex -23478618189170420482048.000 -7525251324239606038218871406592.000 -7525392768560500949832312029184.000
      vertex -45905956613724118712320.000 -7525251324239606038218871406592.000 -7525392768560500949832312029184.000
    endloop
  endfacet
  facet normal 0 0 0
    outer loop
      vertex -23478618189170420482048.000 -7525251324239606038218871406592.000 -7525392768560500949832312029184.000
      vertex -45905956613724118712320.000 -7525251324239606038218871406592.000 -7525392768560500949832312029184.000
      vertex -45905956613724118712320.000 -7525251324239606038218871406592.000 -7525392768560500949832312029184.000
    endloop
  endfacet
  facet normal 0 0 0
    outer loop
      vertex -45905956613724118712320.000 -7525251324239606038218871406592.000 -7525392768560500949832312029184.000
      vertex -45905956613724118712320.000 -7525251324239606038218871406592.000 -7525392768560500949832312029184.000
      vertex -256162242803440994484224.000 -7525251324239606038218871406592.000 -7525392768560500949832312029184.000
    endloop
  endfacet
  facet normal 0 0 0
    outer loop
      vertex -45905956613724118712320.000 -7525251324239606038218871406592.000 -7525392768560500949832312029184.000
      vertex -256162242803440994484224.000 -7525251324239606038218871406592.000 -7525392768560500949832312029184.000
      vertex -256162242803440994484224.000 -7525251324239606038218871406592.000 -7525392768560500949832312029184.000
    endloop
  endfacet
  facet normal 0 0 0
    outer loop
      vertex 421563874662048610648064.000 -7525251324239606038218871406592.000 -7525392768560500949832312029184.000
      vertex 421563874662048610648064.000 -7525251324239606038218871406592.000 -7525392768560500949832312029184.000
      vertex 332204928036441006538752.000 -7525251324239606038218871406592.000 -7525392768560500949832312029184.000
    endloop
  endfacet
  facet normal 0 0 0
    outer loop
      vertex 421563874662048610648064.000 -7525251324239606038218871406592.000 -7525392768560500949832312029184.000
      vertex 332204928036441006538752.000 -7525251324239606038218871406592.000 -7525392768560500949832312029184.000
      vertex 332204928036441006538752.000 -7525251324239606038218871406592.000 -7525392768560500949832312029184.000
    endloop
  endfacet
  facet normal 0 0 0
    outer loop
      vertex 332204928036441006538752.000 -7525251324239606038218871406592.000 -7525392768560500949832312029184.000
      vertex 332204928036441006538752.000 -7525251324239606038218871406592.000 -7525392768560500949832312029184.000
      vertex -23829047779775746146304.000 -7525251324239606038218871406592.000 -7525392768560500949832312029184.000
    endloop
  endfacet
  facet normal 0 0 0
    outer loop
      vertex 332204928036441006538752.000 -7525251324239606038218871406592.000 -7525392768560500949832312029184.000
      vertex -23829047779775746146304.000 -7525251324239606038218871406592.000 -7525392768560500949832312029184.000
      vertex -24529900205586956419072.000 -7525251324239606038218871406592.000 -7525392768560500949832312029184.000
    endloop
  endfacet
  facet normal 0 0 0
    outer loop
      vertex -23829047779775746146304.000 -7525251324239606038218871406592.000 -7525392768560500949832312029184.000
      vertex -24529900205586956419072.000 -7525251324239606038218871406592.000 -7525392768560500949832312029184.000
      vertex -46256381700729817006080.000 -7525251324239606038218871406592.000 -7525392768560500949832312029184.000
    endloop
  endfacet
  facet normal 0 0 0
    outer loop
      vertex -24529900205586956419072.000 -7525251324239606038218871406592.000 -7525392768560500949832312029184.000
      vertex -46256381700729817006080.000 -7525251324239606038218871406592.000 -7525392768560500949832312029184.000
      vertex -46256381700729817006080.000 -7525251324239606038218871406592.000 -7525392768560500949832312029184.000
    endloop
  endfacet
  facet normal 0 0 0
    outer loop
      vertex -46256381700729817006080.000 -7525251324239606038218871406592.000 -7525392768560500949832312029184.000
      vertex -46256381700729817006080.000 -7525251324239606038218871406592.000 -7525392768560500949832312029184.000
      vertex -282794711545460650147840.000 -7525251324239606038218871406592.000 -7525392768560500949832312029184.000
    endloop
  endfacet
  facet normal 0 0 0
    outer loop
      vertex -46256381700729817006080.000 -7525251324239606038218871406592.000 -7525392768560500949832312029184.000
      vertex -282794711545460650147840.000 -7525251324239606038218871406592.000 -7525392768560500949832312029184.000
      vertex -282794711545460650147840.000 -7525251324239606038218871406592.000 -7525392768560500949832312029184.000
    endloop
  endfacet
  facet normal 0 0 0
    outer loop
      vertex 332204928036441006538752.000 -7525251324239606038218871406592.000 -7525392768560500949832312029184.000
      vertex 332555380145044469055488.000 -7525251324239606038218871406592.000 -7525392768560500949832312029184.000
      vertex -23829047779775746146304.000 -7525251324239606038218871406592.000 -7525392768560500949832312029184.000
    endloop
  endfacet
  facet normal 0 0 0
    outer loop
      vertex 332555380145044469055488.000 -7525251324239606038218871406592.000 -7525392768560500949832312029184.000
      vertex -23829047779775746146304.000 -7525251324239606038218871406592.000 -7525392768560500949832312029184.000
      vertex -23478618189170420482048.000 -7525251324239606038218871406592.000 -7525392768560500949832312029184.000
    endloop
  endfacet
  facet normal 0 0 0
    outer loop
      vertex -23829047779775746146304.000 -7525251324239606038218871406592.000 -7525392768560500949832312029184.000
      vertex -23478618189170420482048.000 -7525251324239606038218871406592.000 -7525392768560500949832312029184.000
      vertex -46256381700729817006080.000 -7525251324239606038218871406592.000 -7525392768560500949832312029184.000
    endloop
  endfacet
  facet normal 0 0 0
    outer loop
      vertex -23478618189170420482048.000 -7525251324239606038218871406592.000 -7525392768560500949832312029184.000
      vertex -46256381700729817006080.000 -7525251324239606038218871406592.000 -7525392768560500949832312029184.000
      vertex -45905956613724118712320.000 -7525251324239606038218871406592.000 -7525392768560500949832312029184.000
    endloop
  endfacet
  facet normal 0 0 0
    outer loop
      vertex -46256381700729817006080.000 -7525251324239606038218871406592.000 -7525392768560500949832312029184.000
      vertex -45905956613724118712320.000 -7525251324239606038218871406592.000 -7525392768560500949832312029184.000
      vertex -282794711545460650147840.000 -7525251324239606038218871406592.000 -7525392768560500949832312029184.000
    endloop
  endfacet
  facet normal 0 0 0
    outer loop
      vertex -45905956613724118712320.000 -7525251324239606038218871406592.000 -7525392768560500949832312029184.000
      vertex -282794711545460650147840.000 -7525251324239606038218871406592.000 -7525392768560500949832312029184.000
      vertex -256162242803440994484224.000 -7525251324239606038218871406592.000 -7525392768560500949832312029184.000
    endloop
  endfacet
  facet normal 0 0 0
    outer loop
      vertex -256162242803440994484224.000 -7525251324239606038218871406592.000 -7525392768560500949832312029184.000
      vertex -282794711545460650147840.000 -7525251324239606038218871406592.000 -7525392768560500949832312029184.000
      vertex -45905956613724118712320.000 -7525251324239606038218871406592.000 -7525392768560500949832312029184.000
    endloop
  endfacet
  facet normal 0 0 0
    outer loop
      vertex -282794711545460650147840.000 -7525251324239606038218871406592.000 -7525392768560500949832312029184.000
      vertex -45905956613724118712320.000 -7525251324239606038218871406592.000 -7525392768560500949832312029184.000
      vertex -46256381700729817006080.000 -7525251324239606038218871406592.000 -7525392768560500949832312029184.000
    endloop
  endfacet
  facet normal 0 0 0
    outer loop
      vertex -45905956613724118712320.000 -7525251324239606038218871406592.000 -7525392768560500949832312029184.000
      vertex -46256381700729817006080.000 -7525251324239606038218871406592.000 -7525392768560500949832312029184.000
      vertex -24179472866781444440064.000 -7525251324239606038218871406592.000 -7525392768560500949832312029184.000
    endloop
  endfacet
  facet normal 0 0 0
    outer loop
      vertex -46256381700729817006080.000 -7525251324239606038218871406592.000 -7525392768560500949832312029184.000
      vertex -24179472866781444440064.000 -7525251324239606038218871406592.000 -7525392768560500949832312029184.000
      vertex -24529900205586956419072.000 -7525251324239606038218871406592.000 -7525392768560500949832312029184.000
    endloop
  endfacet
  facet normal 0 0 0
    outer loop
      vertex -24179472866781444440064.000 -7525251324239606038218871406592.000 -7525392768560500949832312029184.000
      vertex -24529900205586956419072.000 -7525251324239606038218871406592.000 -7525392768560500949832312029184.000
      vertex 332204928036441006538752.000 -7525251324239606038218871406592.000 -7525392768560500949832312029184.000
    endloop
  endfacet
  facet normal 0 0 0
    outer loop
      vertex 81999947740893902012416.000 -7525251324239606038218871406592.000 -7525392768560500949832312029184.000
      vertex 28735026019453286481920.000 -7525251324239606038218871406592.000 -7525392768560500949832312029184.000
      vertex -99871735264575571886080.000 -7525251324239606038218871406592.000 -7525392768560500949832312029184.000
    endloop
  endfacet
  facet normal 0 0 0
    outer loop
      vertex 28735026019453286481920.000 -7525251324239606038218871406592.000 -7525392768560500949832312029184.000
      vertex -99871735264575571886080.000 -7525251324239606038218871406592.000 -7525392768560500949832312029184.000
      vertex -46606811291335142670336.000 -7525251324239606038218871406592.000 -7525392768560500949832312029184.000
    endloop
  endfacet
  facet normal 0 0 0
    outer loop
      vertex -256162242803440994484224.000 -7525251324239606038218871406592.000 -7525392768560500949832312029184.000
      vertex -282794711545460650147840.000 -7525251324239606038218871406592.000 -7525392768560500949832312029184.000
      vertex -256162242803440994484224.000 -7525251324239606038218871406592.000 -7525392768560500949832312029184.000
    endloop
  endfacet
  facet normal 0 0 0
    outer loop
      vertex -282794711545460650147840.000 -7525251324239606038218871406592.000 -7525392768560500949832312029184.000
      vertex -256162242803440994484224.000 -7525251324239606038218871406592.000 -7525392768560500949832312029184.000
      vertex -282794711545460650147840.000 -7525251324239606038218871406592.000 -7525392768560500949832312029184.000
    endloop
  endfacet
  facet normal 0 0 0
    outer loop
      vertex 81999947740893902012416.000 -7525251324239606038218871406592.000 -7525392768560500949832312029184.000
      vertex -99871735264575571886080.000 -7525251324239606038218871406592.000 -7525392768560500949832312029184.000
      vertex 28735026019453286481920.000 -7525251324239606038218871406592.000 -7525392768560500949832312029184.000
    endloop
  endfacet
  facet normal 0 0 0
    outer loop
      vertex -99871735264575571886080.000 -7525251324239606038218871406592.000 -7525392768560500949832312029184.000
      vertex 28735026019453286481920.000 -7525251324239606038218871406592.000 -7525392768560500949832312029184.000
      vertex -46606811291335142670336.000 -7525251324239606038218871406592.000 -7525392768560500949832312029184.000
    endloop
  endfacet
  facet normal 0 0 0
    outer loop
      vertex 332555380145044469055488.000 -7525251324239606038218871406592.000 -7525392768560500949832312029184.000
      vertex 421563874662048610648064.000 -7525251324239606038218871406592.000 -7525392768560500949832312029184.000
      vertex 332204928036441006538752.000 -7525251324239606038218871406592.000 -7525392768560500949832312029184.000
    endloop
  endfacet
  facet normal 0 0 0
    outer loop
      vertex 332555380145044469055488.000 -7525251324239606038218871406592.000 -7525392768560500949832312029184.000
      vertex 332204928036441006538752.000 -7525251324239606038218871406592.000 -7525392768560500949832312029184.000
      vertex 421563874662048610648064.000 -7525251324239606038218871406592.000 -7525392768560500949832312029184.000
    endloop
  endfacet
  facet normal 0 0 0
    outer loop
      vertex 332204928036441006538752.000 -7525251324239606038218871406592.000 -7525392768560500949832312029184.000
      vertex -24179472866781444440064.000 -7525251324239606038218871406592.000 -7525392768560500949832312029184.000
      vertex 332555380145044469055488.000 -7525251324239606038218871406592.000 -7525392768560500949832312029184.000
    endloop
  endfacet
  facet normal 0 0 0
    outer loop
      vertex -99871735264575571886080.000 -7525251324239606038218871406592.000 -7525392768560500949832312029184.000
      vertex -99871735264575571886080.000 -7525251324239606038218871406592.000 -7525392768560500949832312029184.000
      vertex -46606811291335142670336.000 -7525251324239606038218871406592.000 -7525392768560500949832312029184.000
    endloop
  endfacet
endsolid Default
