solid Default
  facet normal 0 0 0
    outer loop
      vertex 9.244 3.375 2.181
      vertex 9.245 3.375 2.181
      vertex 9.244 3.375 2.181
    endloop
  endfacet
  facet normal 0 0 0
    outer loop
      vertex 9.245 3.375 2.181
      vertex 9.244 3.375 2.181
      vertex 9.245 3.375 2.181
    endloop
  endfacet
  facet normal 0 0 0
    outer loop
      vertex 9.244 3.375 2.181
      vertex 9.244 3.375 2.182
      vertex 9.244 3.375 2.181
    endloop
  endfacet
  facet normal 0 0 0
    outer loop
      vertex 9.244 3.375 2.182
      vertex 9.244 3.375 2.181
      vertex 9.244 3.375 2.182
    endloop
  endfacet
  facet normal 0 0 0
    outer loop
      vertex 9.244 3.375 2.181
      vertex 9.244 3.375 2.182
      vertex 9.245 3.375 2.181
    endloop
  endfacet
  facet normal 0 0 0
    outer loop
      vertex 9.244 3.375 2.182
      vertex 9.245 3.375 2.181
      vertex 9.245 3.375 2.182
    endloop
  endfacet
  facet normal 0 0 0
    outer loop
      vertex 9.244 3.375 2.181
      vertex 9.245 3.375 2.181
      vertex 9.244 3.375 2.182
    endloop
  endfacet
  facet normal 0 0 0
    outer loop
      vertex 9.245 3.375 2.181
      vertex 9.244 3.375 2.182
      vertex 9.245 3.375 2.182
    endloop
  endfacet
  facet normal 0 0 0
    outer loop
      vertex 9.245 3.375 2.182
      vertex 9.245 3.375 2.181
      vertex 9.245 3.375 2.182
    endloop
  endfacet
  facet normal 0 0 0
    outer loop
      vertex 9.245 3.375 2.181
      vertex 9.245 3.375 2.182
      vertex 9.245 3.375 2.181
    endloop
  endfacet
  facet normal 0 0 0
    outer loop
      vertex 9.245 3.375 2.182
      vertex 9.245 3.375 2.182
      vertex 9.244 3.375 2.182
    endloop
  endfacet
  facet normal 0 0 0
    outer loop
      vertex 9.245 3.375 2.182
      vertex 9.244 3.375 2.182
      vertex 9.244 3.375 2.182
    endloop
  endfacet
endsolid Default
