solid Default
  facet normal 0 0 0
    outer loop
      vertex -350427162883651534848.000 -7525251324239606038218871406592.000 -7525392768560500949832312029184.000
      vertex 42051258138663300628480.000 -7525251324239606038218871406592.000 -7525392768560500949832312029184.000
      vertex -350427162883651534848.000 -7525251324239606038218871406592.000 -7525392768560500949832312029184.000
    endloop
  endfacet
  facet normal 0 0 0
    outer loop
      vertex 42051258138663300628480.000 -7525251324239606038218871406592.000 -7525392768560500949832312029184.000
      vertex -350427162883651534848.000 -7525251324239606038218871406592.000 -7525392768560500949832312029184.000
      vertex 42401683225668998922240.000 -7525251324239606038218871406592.000 -7525392768560500949832312029184.000
    endloop
  endfacet
  facet normal 0 0 0
    outer loop
      vertex -350427162883651534848.000 -7525251324239606038218871406592.000 -7525392768560500949832312029184.000
      vertex 42401683225668998922240.000 -7525251324239606038218871406592.000 -7525392768560500949832312029184.000
      vertex -350427162883651534848.000 -7525251324239606038218871406592.000 -7525392768560500949832312029184.000
    endloop
  endfacet
  facet normal 0 0 0
    outer loop
      vertex 42401683225668998922240.000 -7525251324239606038218871406592.000 -7525392768560500949832312029184.000
      vertex -350427162883651534848.000 -7525251324239606038218871406592.000 -7525392768560500949832312029184.000
      vertex 80948672479876807131136.000 -7525251324239606038218871406592.000 -7525392768560500949832312029184.000
    endloop
  endfacet
  facet normal 0 0 0
    outer loop
      vertex -350427162883651534848.000 -7525251324239606038218871406592.000 -7525392768560500949832312029184.000
      vertex 80948672479876807131136.000 -7525251324239606038218871406592.000 -7525392768560500949832312029184.000
      vertex -350427162883651534848.000 -7525251324239606038218871406592.000 -7525392768560500949832312029184.000
    endloop
  endfacet
  facet normal 0 0 0
    outer loop
      vertex 80948672479876807131136.000 -7525251324239606038218871406592.000 -7525392768560500949832312029184.000
      vertex -350427162883651534848.000 -7525251324239606038218871406592.000 -7525392768560500949832312029184.000
      vertex 105828997772469461843968.000 -7525251324239606038218871406592.000 -7525392768560500949832312029184.000
    endloop
  endfacet
  facet normal 0 0 0
    outer loop
      vertex -350427162883651534848.000 -7525251324239606038218871406592.000 -7525392768560500949832312029184.000
      vertex 105828997772469461843968.000 -7525251324239606038218871406592.000 -7525392768560500949832312029184.000
      vertex -350427162883651534848.000 -7525251324239606038218871406592.000 -7525392768560500949832312029184.000
    endloop
  endfacet
  facet normal 0 0 0
    outer loop
      vertex 105828997772469461843968.000 -7525251324239606038218871406592.000 -7525392768560500949832312029184.000
      vertex -350427162883651534848.000 -7525251324239606038218871406592.000 -7525392768560500949832312029184.000
      vertex 80948672479876807131136.000 -7525251324239606038218871406592.000 -7525392768560500949832312029184.000
    endloop
  endfacet
  facet normal 0 0 0
    outer loop
      vertex -350427162883651534848.000 -7525251324239606038218871406592.000 -7525392768560500949832312029184.000
      vertex 80948672479876807131136.000 -7525251324239606038218871406592.000 -7525392768560500949832312029184.000
      vertex 42401683225668998922240.000 -7525251324239606038218871406592.000 -7525392768560500949832312029184.000
    endloop
  endfacet
  facet normal 0 0 0
    outer loop
      vertex 80948672479876807131136.000 -7525251324239606038218871406592.000 -7525392768560500949832312029184.000
      vertex 42401683225668998922240.000 -7525251324239606038218871406592.000 -7525392768560500949832312029184.000
      vertex 95316191119102984585216.000 -7525251324239606038218871406592.000 -7525392768560500949832312029184.000
    endloop
  endfacet
  facet normal 0 0 0
    outer loop
      vertex 42401683225668998922240.000 -7525251324239606038218871406592.000 -7525392768560500949832312029184.000
      vertex 95316191119102984585216.000 -7525251324239606038218871406592.000 -7525392768560500949832312029184.000
      vertex 80598247392871108837376.000 -7525251324239606038218871406592.000 -7525392768560500949832312029184.000
    endloop
  endfacet
  facet normal 0 0 0
    outer loop
      vertex -350427162883651534848.000 -7525251324239606038218871406592.000 -7525392768560500949832312029184.000
      vertex -350427162883651534848.000 -7525251324239606038218871406592.000 -7525392768560500949832312029184.000
      vertex -350427162883651534848.000 -7525251324239606038218871406592.000 -7525392768560500949832312029184.000
    endloop
  endfacet
  facet normal 0 0 0
    outer loop
      vertex -350427162883651534848.000 -7525251324239606038218871406592.000 -7525392768560500949832312029184.000
      vertex -350427162883651534848.000 -7525251324239606038218871406592.000 -7525392768560500949832312029184.000
      vertex -350427162883651534848.000 -7525251324239606038218871406592.000 -7525392768560500949832312029184.000
    endloop
  endfacet
  facet normal 0 0 0
    outer loop
      vertex -350427162883651534848.000 -7525251324239606038218871406592.000 -7525392768560500949832312029184.000
      vertex -350427162883651534848.000 -7525251324239606038218871406592.000 -7525392768560500949832312029184.000
      vertex -350427162883651534848.000 -7525251324239606038218871406592.000 -7525392768560500949832312029184.000
    endloop
  endfacet
  facet normal 0 0 0
    outer loop
      vertex -350427162883651534848.000 -7525251324239606038218871406592.000 -7525392768560500949832312029184.000
      vertex -350427162883651534848.000 -7525251324239606038218871406592.000 -7525392768560500949832312029184.000
      vertex -350427162883651534848.000 -7525251324239606038218871406592.000 -7525392768560500949832312029184.000
    endloop
  endfacet
  facet normal 0 0 0
    outer loop
      vertex 80948672479876807131136.000 -7525251324239606038218871406592.000 -7525392768560500949832312029184.000
      vertex 95316191119102984585216.000 -7525251324239606038218871406592.000 -7525392768560500949832312029184.000
      vertex 42401683225668998922240.000 -7525251324239606038218871406592.000 -7525392768560500949832312029184.000
    endloop
  endfacet
  facet normal 0 0 0
    outer loop
      vertex 95316191119102984585216.000 -7525251324239606038218871406592.000 -7525392768560500949832312029184.000
      vertex 42401683225668998922240.000 -7525251324239606038218871406592.000 -7525392768560500949832312029184.000
      vertex 80598247392871108837376.000 -7525251324239606038218871406592.000 -7525392768560500949832312029184.000
    endloop
  endfacet
  facet normal 0 0 0
    outer loop
      vertex 42401683225668998922240.000 -7525251324239606038218871406592.000 -7525392768560500949832312029184.000
      vertex 80598247392871108837376.000 -7525251324239606038218871406592.000 -7525392768560500949832312029184.000
      vertex 42051258138663300628480.000 -7525251324239606038218871406592.000 -7525392768560500949832312029184.000
    endloop
  endfacet
  facet normal 0 0 0
    outer loop
      vertex -350427162883651534848.000 -7525251324239606038218871406592.000 -7525392768560500949832312029184.000
      vertex -350427162883651534848.000 -7525251324239606038218871406592.000 -7525392768560500949832312029184.000
      vertex 42401683225668998922240.000 -7525251324239606038218871406592.000 -7525392768560500949832312029184.000
    endloop
  endfacet
  facet normal 0 0 0
    outer loop
      vertex -350427162883651534848.000 -7525251324239606038218871406592.000 -7525392768560500949832312029184.000
      vertex 42401683225668998922240.000 -7525251324239606038218871406592.000 -7525392768560500949832312029184.000
      vertex -350427162883651534848.000 -7525251324239606038218871406592.000 -7525392768560500949832312029184.000
    endloop
  endfacet
  facet normal 0 0 0
    outer loop
      vertex 42401683225668998922240.000 -7525251324239606038218871406592.000 -7525392768560500949832312029184.000
      vertex -350427162883651534848.000 -7525251324239606038218871406592.000 -7525392768560500949832312029184.000
      vertex 42051258138663300628480.000 -7525251324239606038218871406592.000 -7525392768560500949832312029184.000
    endloop
  endfacet
  facet normal 0 0 0
    outer loop
      vertex -350427162883651534848.000 -7525251324239606038218871406592.000 -7525392768560500949832312029184.000
      vertex 42051258138663300628480.000 -7525251324239606038218871406592.000 -7525392768560500949832312029184.000
      vertex -350427162883651534848.000 -7525251324239606038218871406592.000 -7525392768560500949832312029184.000
    endloop
  endfacet
  facet normal 0 0 0
    outer loop
      vertex 42051258138663300628480.000 -7525251324239606038218871406592.000 -7525392768560500949832312029184.000
      vertex -350427162883651534848.000 -7525251324239606038218871406592.000 -7525392768560500949832312029184.000
      vertex 110384550925141303885824.000 -7525251324239606038218871406592.000 -7525392768560500949832312029184.000
    endloop
  endfacet
  facet normal 0 0 0
    outer loop
      vertex -350427162883651534848.000 -7525251324239606038218871406592.000 -7525392768560500949832312029184.000
      vertex 110384550925141303885824.000 -7525251324239606038218871406592.000 -7525392768560500949832312029184.000
      vertex 42051258138663300628480.000 -7525251324239606038218871406592.000 -7525392768560500949832312029184.000
    endloop
  endfacet
  facet normal 0 0 0
    outer loop
      vertex 42401683225668998922240.000 -7525251324239606038218871406592.000 -7525392768560500949832312029184.000
      vertex 42051258138663300628480.000 -7525251324239606038218871406592.000 -7525392768560500949832312029184.000
      vertex 80598247392871108837376.000 -7525251324239606038218871406592.000 -7525392768560500949832312029184.000
    endloop
  endfacet
  facet normal 0 0 0
    outer loop
      vertex 42051258138663300628480.000 -7525251324239606038218871406592.000 -7525392768560500949832312029184.000
      vertex 80598247392871108837376.000 -7525251324239606038218871406592.000 -7525392768560500949832312029184.000
      vertex 110384550925141303885824.000 -7525251324239606038218871406592.000 -7525392768560500949832312029184.000
    endloop
  endfacet
  facet normal 0 0 0
    outer loop
      vertex 138418720015183752724480.000 -7525251324239606038218871406592.000 -7525392768560500949832312029184.000
      vertex 34692286275547362754560.000 -7525251324239606038218871406592.000 -7525392768560500949832312029184.000
      vertex 105478572685463763550208.000 -7525251324239606038218871406592.000 -7525392768560500949832312029184.000
    endloop
  endfacet
  facet normal 0 0 0
    outer loop
      vertex 34692286275547362754560.000 -7525251324239606038218871406592.000 -7525392768560500949832312029184.000
      vertex 105478572685463763550208.000 -7525251324239606038218871406592.000 -7525392768560500949832312029184.000
      vertex -10863241873471337136128.000 -7525251324239606038218871406592.000 -7525392768560500949832312029184.000
    endloop
  endfacet
  facet normal 0 0 0
    outer loop
      vertex 95316191119102984585216.000 -7525251324239606038218871406592.000 -7525392768560500949832312029184.000
      vertex 105828997772469461843968.000 -7525251324239606038218871406592.000 -7525392768560500949832312029184.000
      vertex 80598247392871108837376.000 -7525251324239606038218871406592.000 -7525392768560500949832312029184.000
    endloop
  endfacet
  facet normal 0 0 0
    outer loop
      vertex 105828997772469461843968.000 -7525251324239606038218871406592.000 -7525392768560500949832312029184.000
      vertex 80598247392871108837376.000 -7525251324239606038218871406592.000 -7525392768560500949832312029184.000
      vertex 110384550925141303885824.000 -7525251324239606038218871406592.000 -7525392768560500949832312029184.000
    endloop
  endfacet
  facet normal 0 0 0
    outer loop
      vertex 105828997772469461843968.000 -7525251324239606038218871406592.000 -7525392768560500949832312029184.000
      vertex 95316191119102984585216.000 -7525251324239606038218871406592.000 -7525392768560500949832312029184.000
      vertex 110384550925141303885824.000 -7525251324239606038218871406592.000 -7525392768560500949832312029184.000
    endloop
  endfacet
  facet normal 0 0 0
    outer loop
      vertex 95316191119102984585216.000 -7525251324239606038218871406592.000 -7525392768560500949832312029184.000
      vertex 110384550925141303885824.000 -7525251324239606038218871406592.000 -7525392768560500949832312029184.000
      vertex 80598247392871108837376.000 -7525251324239606038218871406592.000 -7525392768560500949832312029184.000
    endloop
  endfacet
  facet normal 0 0 0
    outer loop
      vertex -10863241873471337136128.000 -7525251324239606038218871406592.000 -7525392768560500949832312029184.000
      vertex 105478572685463763550208.000 -7525251324239606038218871406592.000 -7525392768560500949832312029184.000
      vertex 34692286275547362754560.000 -7525251324239606038218871406592.000 -7525392768560500949832312029184.000
    endloop
  endfacet
  facet normal 0 0 0
    outer loop
      vertex 105478572685463763550208.000 -7525251324239606038218871406592.000 -7525392768560500949832312029184.000
      vertex 34692286275547362754560.000 -7525251324239606038218871406592.000 -7525392768560500949832312029184.000
      vertex 138418720015183752724480.000 -7525251324239606038218871406592.000 -7525392768560500949832312029184.000
    endloop
  endfacet
  facet normal 0 0 0
    outer loop
      vertex -10863241873471337136128.000 -7525251324239606038218871406592.000 -7525392768560500949832312029184.000
      vertex 34692286275547362754560.000 -7525251324239606038218871406592.000 -7525392768560500949832312029184.000
      vertex -10863241873471337136128.000 -7525251324239606038218871406592.000 -7525392768560500949832312029184.000
    endloop
  endfacet
  facet normal 0 0 0
    outer loop
      vertex 34692286275547362754560.000 -7525251324239606038218871406592.000 -7525392768560500949832312029184.000
      vertex -10863241873471337136128.000 -7525251324239606038218871406592.000 -7525392768560500949832312029184.000
      vertex 34692286275547362754560.000 -7525251324239606038218871406592.000 -7525392768560500949832312029184.000
    endloop
  endfacet
  facet normal 0 0 0
    outer loop
      vertex 138418720015183752724480.000 -7525251324239606038218871406592.000 -7525392768560500949832312029184.000
      vertex 34692286275547362754560.000 -7525251324239606038218871406592.000 -7525392768560500949832312029184.000
      vertex 138418720015183752724480.000 -7525251324239606038218871406592.000 -7525392768560500949832312029184.000
    endloop
  endfacet
  facet normal 0 0 0
    outer loop
      vertex 34692286275547362754560.000 -7525251324239606038218871406592.000 -7525392768560500949832312029184.000
      vertex 138418720015183752724480.000 -7525251324239606038218871406592.000 -7525392768560500949832312029184.000
      vertex 34692286275547362754560.000 -7525251324239606038218871406592.000 -7525392768560500949832312029184.000
    endloop
  endfacet
  facet normal 0 0 0
    outer loop
      vertex 105828997772469461843968.000 -7525251324239606038218871406592.000 -7525392768560500949832312029184.000
      vertex 80948672479876807131136.000 -7525251324239606038218871406592.000 -7525392768560500949832312029184.000
      vertex 95316191119102984585216.000 -7525251324239606038218871406592.000 -7525392768560500949832312029184.000
    endloop
  endfacet
  facet normal 0 0 0
    outer loop
      vertex 105828997772469461843968.000 -7525251324239606038218871406592.000 -7525392768560500949832312029184.000
      vertex 95316191119102984585216.000 -7525251324239606038218871406592.000 -7525392768560500949832312029184.000
      vertex 80948672479876807131136.000 -7525251324239606038218871406592.000 -7525392768560500949832312029184.000
    endloop
  endfacet
  facet normal 0 0 0
    outer loop
      vertex 42051258138663300628480.000 -7525251324239606038218871406592.000 -7525392768560500949832312029184.000
      vertex -350427162883651534848.000 -7525251324239606038218871406592.000 -7525392768560500949832312029184.000
      vertex -350427162883651534848.000 -7525251324239606038218871406592.000 -7525392768560500949832312029184.000
    endloop
  endfacet
  facet normal 0 0 0
    outer loop
      vertex -350427162883651534848.000 -7525251324239606038218871406592.000 -7525392768560500949832312029184.000
      vertex -350427162883651534848.000 -7525251324239606038218871406592.000 -7525392768560500949832312029184.000
      vertex -350427162883651534848.000 -7525251324239606038218871406592.000 -7525392768560500949832312029184.000
    endloop
  endfacet
  facet normal 0 0 0
    outer loop
      vertex -350427162883651534848.000 -7525251324239606038218871406592.000 -7525392768560500949832312029184.000
      vertex -350427162883651534848.000 -7525251324239606038218871406592.000 -7525392768560500949832312029184.000
      vertex -350427162883651534848.000 -7525251324239606038218871406592.000 -7525392768560500949832312029184.000
    endloop
  endfacet
  facet normal 0 0 0
    outer loop
      vertex 80598247392871108837376.000 -7525251324239606038218871406592.000 -7525392768560500949832312029184.000
      vertex 110384550925141303885824.000 -7525251324239606038218871406592.000 -7525392768560500949832312029184.000
      vertex 42051258138663300628480.000 -7525251324239606038218871406592.000 -7525392768560500949832312029184.000
    endloop
  endfacet
  facet normal 0 0 0
    outer loop
      vertex 105478572685463763550208.000 -7525251324239606038218871406592.000 -7525392768560500949832312029184.000
      vertex 138418720015183752724480.000 -7525251324239606038218871406592.000 -7525392768560500949832312029184.000
      vertex 138418720015183752724480.000 -7525251324239606038218871406592.000 -7525392768560500949832312029184.000
    endloop
  endfacet
endsolid Default
