solid Default
  facet normal 0 0 0
    outer loop
      vertex 372854490330681141362688.000 -7525251324239606038218871406592.000 -7525392768560500949832312029184.000
      vertex 373905774598897490984960.000 -7525251324239606038218871406592.000 -7525392768560500949832312029184.000
      vertex 243196451533835374428160.000 -7525251324239606038218871406592.000 -7525392768560500949832312029184.000
    endloop
  endfacet
  facet normal 0 0 0
    outer loop
      vertex 373905774598897490984960.000 -7525251324239606038218871406592.000 -7525392768560500949832312029184.000
      vertex 243196451533835374428160.000 -7525251324239606038218871406592.000 -7525392768560500949832312029184.000
      vertex 265974199282796075155456.000 -7525251324239606038218871406592.000 -7525392768560500949832312029184.000
    endloop
  endfacet
  facet normal 0 0 0
    outer loop
      vertex 243196451533835374428160.000 -7525251324239606038218871406592.000 -7525392768560500949832312029184.000
      vertex 265974199282796075155456.000 -7525251324239606038218871406592.000 -7525392768560500949832312029184.000
      vertex -8410251627732660125696.000 -7525251324239606038218871406592.000 -7525392768560500949832312029184.000
    endloop
  endfacet
  facet normal 0 0 0
    outer loop
      vertex 265974199282796075155456.000 -7525251324239606038218871406592.000 -7525392768560500949832312029184.000
      vertex -8410251627732660125696.000 -7525251324239606038218871406592.000 -7525392768560500949832312029184.000
      vertex 42752112816274324586496.000 -7525251324239606038218871406592.000 -7525392768560500949832312029184.000
    endloop
  endfacet
  facet normal 0 0 0
    outer loop
      vertex -97418750648336429088768.000 -7525251324239606038218871406592.000 -7525392768560500949832312029184.000
      vertex -97418750648336429088768.000 -7525251324239606038218871406592.000 -7525392768560500949832312029184.000
      vertex -8410251627732660125696.000 -7525251324239606038218871406592.000 -7525392768560500949832312029184.000
    endloop
  endfacet
  facet normal 0 0 0
    outer loop
      vertex -97418750648336429088768.000 -7525251324239606038218871406592.000 -7525392768560500949832312029184.000
      vertex -8410251627732660125696.000 -7525251324239606038218871406592.000 -7525392768560500949832312029184.000
      vertex -8410251627732660125696.000 -7525251324239606038218871406592.000 -7525392768560500949832312029184.000
    endloop
  endfacet
  facet normal 0 0 0
    outer loop
      vertex -8410251627732660125696.000 -7525251324239606038218871406592.000 -7525392768560500949832312029184.000
      vertex -8410251627732660125696.000 -7525251324239606038218871406592.000 -7525392768560500949832312029184.000
      vertex 42752112816274324586496.000 -7525251324239606038218871406592.000 -7525392768560500949832312029184.000
    endloop
  endfacet
  facet normal 0 0 0
    outer loop
      vertex -8410251627732660125696.000 -7525251324239606038218871406592.000 -7525392768560500949832312029184.000
      vertex 42752112816274324586496.000 -7525251324239606038218871406592.000 -7525392768560500949832312029184.000
      vertex 42752112816274324586496.000 -7525251324239606038218871406592.000 -7525392768560500949832312029184.000
    endloop
  endfacet
  facet normal 0 0 0
    outer loop
      vertex 373905774598897490984960.000 -7525251324239606038218871406592.000 -7525392768560500949832312029184.000
      vertex 372854490330681141362688.000 -7525251324239606038218871406592.000 -7525392768560500949832312029184.000
      vertex 265974199282796075155456.000 -7525251324239606038218871406592.000 -7525392768560500949832312029184.000
    endloop
  endfacet
  facet normal 0 0 0
    outer loop
      vertex 372854490330681141362688.000 -7525251324239606038218871406592.000 -7525392768560500949832312029184.000
      vertex 265974199282796075155456.000 -7525251324239606038218871406592.000 -7525392768560500949832312029184.000
      vertex 243196451533835374428160.000 -7525251324239606038218871406592.000 -7525392768560500949832312029184.000
    endloop
  endfacet
  facet normal 0 0 0
    outer loop
      vertex 265974199282796075155456.000 -7525251324239606038218871406592.000 -7525392768560500949832312029184.000
      vertex 243196451533835374428160.000 -7525251324239606038218871406592.000 -7525392768560500949832312029184.000
      vertex 42752112816274324586496.000 -7525251324239606038218871406592.000 -7525392768560500949832312029184.000
    endloop
  endfacet
  facet normal 0 0 0
    outer loop
      vertex 243196451533835374428160.000 -7525251324239606038218871406592.000 -7525392768560500949832312029184.000
      vertex 42752112816274324586496.000 -7525251324239606038218871406592.000 -7525392768560500949832312029184.000
      vertex -8410251627732660125696.000 -7525251324239606038218871406592.000 -7525392768560500949832312029184.000
    endloop
  endfacet
  facet normal 0 0 0
    outer loop
      vertex 373905774598897490984960.000 -7525251324239606038218871406592.000 -7525392768560500949832312029184.000
      vertex 373905774598897490984960.000 -7525251324239606038218871406592.000 -7525392768560500949832312029184.000
      vertex 265974199282796075155456.000 -7525251324239606038218871406592.000 -7525392768560500949832312029184.000
    endloop
  endfacet
  facet normal 0 0 0
    outer loop
      vertex 373905774598897490984960.000 -7525251324239606038218871406592.000 -7525392768560500949832312029184.000
      vertex 265974199282796075155456.000 -7525251324239606038218871406592.000 -7525392768560500949832312029184.000
      vertex 265974199282796075155456.000 -7525251324239606038218871406592.000 -7525392768560500949832312029184.000
    endloop
  endfacet
  facet normal 0 0 0
    outer loop
      vertex 265974199282796075155456.000 -7525251324239606038218871406592.000 -7525392768560500949832312029184.000
      vertex 265974199282796075155456.000 -7525251324239606038218871406592.000 -7525392768560500949832312029184.000
      vertex 42752112816274324586496.000 -7525251324239606038218871406592.000 -7525392768560500949832312029184.000
    endloop
  endfacet
  facet normal 0 0 0
    outer loop
      vertex 265974199282796075155456.000 -7525251324239606038218871406592.000 -7525392768560500949832312029184.000
      vertex 42752112816274324586496.000 -7525251324239606038218871406592.000 -7525392768560500949832312029184.000
      vertex 42752112816274324586496.000 -7525251324239606038218871406592.000 -7525392768560500949832312029184.000
    endloop
  endfacet
  facet normal 0 0 0
    outer loop
      vertex -97418750648336429088768.000 -7525251324239606038218871406592.000 -7525392768560500949832312029184.000
      vertex -97418750648336429088768.000 -7525251324239606038218871406592.000 -7525392768560500949832312029184.000
      vertex 243196451533835374428160.000 -7525251324239606038218871406592.000 -7525392768560500949832312029184.000
    endloop
  endfacet
  facet normal 0 0 0
    outer loop
      vertex -97418750648336429088768.000 -7525251324239606038218871406592.000 -7525392768560500949832312029184.000
      vertex 243196451533835374428160.000 -7525251324239606038218871406592.000 -7525392768560500949832312029184.000
      vertex 243196451533835374428160.000 -7525251324239606038218871406592.000 -7525392768560500949832312029184.000
    endloop
  endfacet
  facet normal 0 0 0
    outer loop
      vertex 243196451533835374428160.000 -7525251324239606038218871406592.000 -7525392768560500949832312029184.000
      vertex 243196451533835374428160.000 -7525251324239606038218871406592.000 -7525392768560500949832312029184.000
      vertex 372854490330681141362688.000 -7525251324239606038218871406592.000 -7525392768560500949832312029184.000
    endloop
  endfacet
  facet normal 0 0 0
    outer loop
      vertex 372854490330681141362688.000 -7525251324239606038218871406592.000 -7525392768560500949832312029184.000
      vertex 372854490330681141362688.000 -7525251324239606038218871406592.000 -7525392768560500949832312029184.000
      vertex 373905774598897490984960.000 -7525251324239606038218871406592.000 -7525392768560500949832312029184.000
    endloop
  endfacet
  facet normal 0 0 0
    outer loop
      vertex 372854490330681141362688.000 -7525251324239606038218871406592.000 -7525392768560500949832312029184.000
      vertex 373905774598897490984960.000 -7525251324239606038218871406592.000 -7525392768560500949832312029184.000
      vertex 373905774598897490984960.000 -7525251324239606038218871406592.000 -7525392768560500949832312029184.000
    endloop
  endfacet
  facet normal 0 0 0
    outer loop
      vertex 511623617418472082898944.000 -7525251324239606038218871406592.000 -7525392768560500949832312029184.000
      vertex 511623617418472082898944.000 -7525251324239606038218871406592.000 -7525392768560500949832312029184.000
      vertex 250905839476757755854848.000 -7525251324239606038218871406592.000 -7525392768560500949832312029184.000
    endloop
  endfacet
  facet normal 0 0 0
    outer loop
      vertex 511623617418472082898944.000 -7525251324239606038218871406592.000 -7525392768560500949832312029184.000
      vertex 250905839476757755854848.000 -7525251324239606038218871406592.000 -7525392768560500949832312029184.000
      vertex 250905839476757755854848.000 -7525251324239606038218871406592.000 -7525392768560500949832312029184.000
    endloop
  endfacet
  facet normal 0 0 0
    outer loop
      vertex 250905839476757755854848.000 -7525251324239606038218871406592.000 -7525392768560500949832312029184.000
      vertex 250905839476757755854848.000 -7525251324239606038218871406592.000 -7525392768560500949832312029184.000
      vertex 511623617418472082898944.000 -7525251324239606038218871406592.000 -7525392768560500949832312029184.000
    endloop
  endfacet
  facet normal 0 0 0
    outer loop
      vertex 250905839476757755854848.000 -7525251324239606038218871406592.000 -7525392768560500949832312029184.000
      vertex 511623617418472082898944.000 -7525251324239606038218871406592.000 -7525392768560500949832312029184.000
      vertex 511623617418472082898944.000 -7525251324239606038218871406592.000 -7525392768560500949832312029184.000
    endloop
  endfacet
  facet normal 0 0 0
    outer loop
      vertex 250905839476757755854848.000 -7525251324239606038218871406592.000 -7525392768560500949832312029184.000
      vertex 511623617418472082898944.000 -7525251324239606038218871406592.000 -7525392768560500949832312029184.000
      vertex 250905839476757755854848.000 -7525251324239606038218871406592.000 -7525392768560500949832312029184.000
    endloop
  endfacet
  facet normal 0 0 0
    outer loop
      vertex 511623617418472082898944.000 -7525251324239606038218871406592.000 -7525392768560500949832312029184.000
      vertex 250905839476757755854848.000 -7525251324239606038218871406592.000 -7525392768560500949832312029184.000
      vertex 511623617418472082898944.000 -7525251324239606038218871406592.000 -7525392768560500949832312029184.000
    endloop
  endfacet
  facet normal 0 0 0
    outer loop
      vertex 656700486144358141132800.000 -7525251324239606038218871406592.000 -7525392768560500949832312029184.000
      vertex 656700486144358141132800.000 -7525251324239606038218871406592.000 -7525392768560500949832312029184.000
      vertex 208153726660483431268352.000 -7525251324239606038218871406592.000 -7525392768560500949832312029184.000
    endloop
  endfacet
  facet normal 0 0 0
    outer loop
      vertex 656700486144358141132800.000 -7525251324239606038218871406592.000 -7525392768560500949832312029184.000
      vertex 208153726660483431268352.000 -7525251324239606038218871406592.000 -7525392768560500949832312029184.000
      vertex 208153726660483431268352.000 -7525251324239606038218871406592.000 -7525392768560500949832312029184.000
    endloop
  endfacet
  facet normal 0 0 0
    outer loop
      vertex 656700486144358141132800.000 -7525251324239606038218871406592.000 -7525392768560500949832312029184.000
      vertex 656350070064551697580032.000 -7525251324239606038218871406592.000 -7525392768560500949832312029184.000
      vertex 656700486144358141132800.000 -7525251324239606038218871406592.000 -7525392768560500949832312029184.000
    endloop
  endfacet
  facet normal 0 0 0
    outer loop
      vertex 656350070064551697580032.000 -7525251324239606038218871406592.000 -7525392768560500949832312029184.000
      vertex 656700486144358141132800.000 -7525251324239606038218871406592.000 -7525392768560500949832312029184.000
      vertex 656350070064551697580032.000 -7525251324239606038218871406592.000 -7525392768560500949832312029184.000
    endloop
  endfacet
  facet normal 0 0 0
    outer loop
      vertex 656700486144358141132800.000 -7525251324239606038218871406592.000 -7525392768560500949832312029184.000
      vertex 656350070064551697580032.000 -7525251324239606038218871406592.000 -7525392768560500949832312029184.000
      vertex 208153726660483431268352.000 -7525251324239606038218871406592.000 -7525392768560500949832312029184.000
    endloop
  endfacet
  facet normal 0 0 0
    outer loop
      vertex 656350070064551697580032.000 -7525251324239606038218871406592.000 -7525392768560500949832312029184.000
      vertex 208153726660483431268352.000 -7525251324239606038218871406592.000 -7525392768560500949832312029184.000
      vertex 208153726660483431268352.000 -7525251324239606038218871406592.000 -7525392768560500949832312029184.000
    endloop
  endfacet
  facet normal 0 0 0
    outer loop
      vertex 208153726660483431268352.000 -7525251324239606038218871406592.000 -7525392768560500949832312029184.000
      vertex 208153726660483431268352.000 -7525251324239606038218871406592.000 -7525392768560500949832312029184.000
      vertex 656700486144358141132800.000 -7525251324239606038218871406592.000 -7525392768560500949832312029184.000
    endloop
  endfacet
  facet normal 0 0 0
    outer loop
      vertex 208153726660483431268352.000 -7525251324239606038218871406592.000 -7525392768560500949832312029184.000
      vertex 656700486144358141132800.000 -7525251324239606038218871406592.000 -7525392768560500949832312029184.000
      vertex 656350070064551697580032.000 -7525251324239606038218871406592.000 -7525392768560500949832312029184.000
    endloop
  endfacet
  facet normal 0 0 0
    outer loop
      vertex 250905839476757755854848.000 -7525251324239606038218871406592.000 -7525392768560500949832312029184.000
      vertex 250905839476757755854848.000 -7525251324239606038218871406592.000 -7525392768560500949832312029184.000
      vertex 511623617418472082898944.000 -7525251324239606038218871406592.000 -7525392768560500949832312029184.000
    endloop
  endfacet
  facet normal 0 0 0
    outer loop
      vertex 250905839476757755854848.000 -7525251324239606038218871406592.000 -7525392768560500949832312029184.000
      vertex 511623617418472082898944.000 -7525251324239606038218871406592.000 -7525392768560500949832312029184.000
      vertex 511623617418472082898944.000 -7525251324239606038218871406592.000 -7525392768560500949832312029184.000
    endloop
  endfacet
  facet normal 0 0 0
    outer loop
      vertex 208153726660483431268352.000 -7525251324239606038218871406592.000 -7525392768560500949832312029184.000
      vertex 208153726660483431268352.000 -7525251324239606038218871406592.000 -7525392768560500949832312029184.000
      vertex 656350070064551697580032.000 -7525251324239606038218871406592.000 -7525392768560500949832312029184.000
    endloop
  endfacet
  facet normal 0 0 0
    outer loop
      vertex 208153726660483431268352.000 -7525251324239606038218871406592.000 -7525392768560500949832312029184.000
      vertex 656350070064551697580032.000 -7525251324239606038218871406592.000 -7525392768560500949832312029184.000
      vertex 656350070064551697580032.000 -7525251324239606038218871406592.000 -7525392768560500949832312029184.000
    endloop
  endfacet
  facet normal 0 0 0
    outer loop
      vertex 243196451533835374428160.000 -7525251324239606038218871406592.000 -7525392768560500949832312029184.000
      vertex -8410251627732660125696.000 -7525251324239606038218871406592.000 -7525392768560500949832312029184.000
      vertex -97418750648336429088768.000 -7525251324239606038218871406592.000 -7525392768560500949832312029184.000
    endloop
  endfacet
  facet normal 0 0 0
    outer loop
      vertex -8410251627732660125696.000 -7525251324239606038218871406592.000 -7525392768560500949832312029184.000
      vertex 243196451533835374428160.000 -7525251324239606038218871406592.000 -7525392768560500949832312029184.000
      vertex -97418750648336429088768.000 -7525251324239606038218871406592.000 -7525392768560500949832312029184.000
    endloop
  endfacet
  facet normal 0 0 0
    outer loop
      vertex 511623617418472082898944.000 -7525251324239606038218871406592.000 -7525392768560500949832312029184.000
      vertex 511623617418472082898944.000 -7525251324239606038218871406592.000 -7525392768560500949832312029184.000
      vertex 511623617418472082898944.000 -7525251324239606038218871406592.000 -7525392768560500949832312029184.000
    endloop
  endfacet
  facet normal 0 0 0
    outer loop
      vertex 372854490330681141362688.000 -7525251324239606038218871406592.000 -7525392768560500949832312029184.000
      vertex 243196451533835374428160.000 -7525251324239606038218871406592.000 -7525392768560500949832312029184.000
      vertex 372854490330681141362688.000 -7525251324239606038218871406592.000 -7525392768560500949832312029184.000
    endloop
  endfacet
  facet normal 0 0 0
    outer loop
      vertex 511623617418472082898944.000 -7525251324239606038218871406592.000 -7525392768560500949832312029184.000
      vertex 511623617418472082898944.000 -7525251324239606038218871406592.000 -7525392768560500949832312029184.000
      vertex 511623617418472082898944.000 -7525251324239606038218871406592.000 -7525392768560500949832312029184.000
    endloop
  endfacet
endsolid Default
