solid Default
  facet normal 0 0 0
    outer loop
      vertex 1.409 -0.150 -3.565
      vertex 1.409 -0.150 -3.565
      vertex 1.409 -0.150 -3.564
    endloop
  endfacet
  facet normal 0 0 0
    outer loop
      vertex 1.409 -0.150 -3.565
      vertex 1.409 -0.150 -3.564
      vertex 1.409 -0.150 -3.564
    endloop
  endfacet
  facet normal 0 0 0
    outer loop
      vertex 1.409 -0.150 -3.565
      vertex 1.410 -0.150 -3.565
      vertex 1.409 -0.150 -3.565
    endloop
  endfacet
  facet normal 0 0 0
    outer loop
      vertex 1.410 -0.150 -3.565
      vertex 1.409 -0.150 -3.565
      vertex 1.410 -0.150 -3.565
    endloop
  endfacet
  facet normal 0 0 0
    outer loop
      vertex 1.409 -0.150 -3.565
      vertex 1.410 -0.150 -3.565
      vertex 1.409 -0.150 -3.564
    endloop
  endfacet
  facet normal 0 0 0
    outer loop
      vertex 1.410 -0.150 -3.565
      vertex 1.409 -0.150 -3.564
      vertex 1.410 -0.150 -3.564
    endloop
  endfacet
  facet normal 0 0 0
    outer loop
      vertex 1.409 -0.150 -3.564
      vertex 1.409 -0.150 -3.564
      vertex 1.409 -0.150 -3.564
    endloop
  endfacet
  facet normal 0 0 0
    outer loop
      vertex 1.409 -0.150 -3.564
      vertex 1.409 -0.150 -3.564
      vertex 1.409 -0.150 -3.564
    endloop
  endfacet
  facet normal 0 0 0
    outer loop
      vertex 1.410 -0.150 -3.564
      vertex 1.409 -0.150 -3.564
      vertex 1.409 -0.150 -3.564
    endloop
  endfacet
  facet normal 0 0 0
    outer loop
      vertex 1.409 -0.150 -3.564
      vertex 1.409 -0.150 -3.564
      vertex 1.409 -0.150 -3.564
    endloop
  endfacet
  facet normal 0 0 0
    outer loop
      vertex 1.409 -0.150 -3.565
      vertex 1.409 -0.150 -3.564
      vertex 1.410 -0.150 -3.565
    endloop
  endfacet
  facet normal 0 0 0
    outer loop
      vertex 1.409 -0.150 -3.564
      vertex 1.410 -0.150 -3.565
      vertex 1.410 -0.150 -3.564
    endloop
  endfacet
  facet normal 0 0 0
    outer loop
      vertex 1.409 -0.150 -3.564
      vertex 1.409 -0.150 -3.564
      vertex 1.410 -0.150 -3.564
    endloop
  endfacet
  facet normal 0 0 0
    outer loop
      vertex 1.409 -0.150 -3.564
      vertex 1.410 -0.150 -3.564
      vertex 1.409 -0.150 -3.564
    endloop
  endfacet
  facet normal 0 0 0
    outer loop
      vertex 1.409 -0.150 -3.564
      vertex 1.409 -0.150 -3.564
      vertex 1.409 -0.150 -3.564
    endloop
  endfacet
  facet normal 0 0 0
    outer loop
      vertex 1.409 -0.150 -3.564
      vertex 1.409 -0.150 -3.564
      vertex 1.409 -0.150 -3.564
    endloop
  endfacet
  facet normal 0 0 0
    outer loop
      vertex 1.409 -0.150 -3.564
      vertex 1.410 -0.150 -3.564
      vertex 1.409 -0.150 -3.564
    endloop
  endfacet
  facet normal 0 0 0
    outer loop
      vertex 1.410 -0.150 -3.564
      vertex 1.409 -0.150 -3.564
      vertex 1.410 -0.150 -3.564
    endloop
  endfacet
  facet normal 0 0 0
    outer loop
      vertex 1.410 -0.150 -3.565
      vertex 1.410 -0.150 -3.564
      vertex 1.410 -0.150 -3.565
    endloop
  endfacet
  facet normal 0 0 0
    outer loop
      vertex 1.410 -0.150 -3.564
      vertex 1.410 -0.150 -3.565
      vertex 1.410 -0.150 -3.564
    endloop
  endfacet
endsolid Default
