solid Default
  facet normal 0 0 0
    outer loop
      vertex 1.409 0.419 -3.473
      vertex 1.409 0.419 -3.473
      vertex 1.409 0.419 -3.472
    endloop
  endfacet
  facet normal 0 0 0
    outer loop
      vertex 1.409 0.419 -3.473
      vertex 1.409 0.419 -3.472
      vertex 1.409 0.419 -3.472
    endloop
  endfacet
  facet normal 0 0 0
    outer loop
      vertex 1.409 0.419 -3.473
      vertex 1.410 0.419 -3.473
      vertex 1.409 0.419 -3.473
    endloop
  endfacet
  facet normal 0 0 0
    outer loop
      vertex 1.410 0.419 -3.473
      vertex 1.409 0.419 -3.473
      vertex 1.410 0.419 -3.473
    endloop
  endfacet
  facet normal 0 0 0
    outer loop
      vertex 1.409 0.419 -3.473
      vertex 1.410 0.419 -3.473
      vertex 1.409 0.419 -3.472
    endloop
  endfacet
  facet normal 0 0 0
    outer loop
      vertex 1.410 0.419 -3.473
      vertex 1.409 0.419 -3.472
      vertex 1.410 0.419 -3.472
    endloop
  endfacet
  facet normal 0 0 0
    outer loop
      vertex 1.409 0.419 -3.472
      vertex 1.409 0.419 -3.472
      vertex 1.409 0.419 -3.472
    endloop
  endfacet
  facet normal 0 0 0
    outer loop
      vertex 1.409 0.419 -3.472
      vertex 1.409 0.419 -3.472
      vertex 1.409 0.419 -3.472
    endloop
  endfacet
  facet normal 0 0 0
    outer loop
      vertex 1.410 0.419 -3.472
      vertex 1.409 0.419 -3.472
      vertex 1.409 0.419 -3.472
    endloop
  endfacet
  facet normal 0 0 0
    outer loop
      vertex 1.409 0.419 -3.472
      vertex 1.409 0.419 -3.472
      vertex 1.409 0.419 -3.472
    endloop
  endfacet
  facet normal 0 0 0
    outer loop
      vertex 1.409 0.419 -3.473
      vertex 1.409 0.419 -3.472
      vertex 1.410 0.419 -3.473
    endloop
  endfacet
  facet normal 0 0 0
    outer loop
      vertex 1.409 0.419 -3.472
      vertex 1.410 0.419 -3.473
      vertex 1.410 0.419 -3.472
    endloop
  endfacet
  facet normal 0 0 0
    outer loop
      vertex 1.409 0.419 -3.472
      vertex 1.409 0.419 -3.472
      vertex 1.410 0.419 -3.472
    endloop
  endfacet
  facet normal 0 0 0
    outer loop
      vertex 1.409 0.419 -3.472
      vertex 1.410 0.419 -3.472
      vertex 1.409 0.419 -3.472
    endloop
  endfacet
  facet normal 0 0 0
    outer loop
      vertex 1.409 0.419 -3.472
      vertex 1.409 0.419 -3.472
      vertex 1.409 0.419 -3.472
    endloop
  endfacet
  facet normal 0 0 0
    outer loop
      vertex 1.409 0.419 -3.472
      vertex 1.409 0.419 -3.472
      vertex 1.409 0.419 -3.472
    endloop
  endfacet
  facet normal 0 0 0
    outer loop
      vertex 1.409 0.419 -3.472
      vertex 1.410 0.419 -3.472
      vertex 1.409 0.419 -3.472
    endloop
  endfacet
  facet normal 0 0 0
    outer loop
      vertex 1.410 0.419 -3.472
      vertex 1.409 0.419 -3.472
      vertex 1.410 0.419 -3.472
    endloop
  endfacet
  facet normal 0 0 0
    outer loop
      vertex 1.410 0.419 -3.473
      vertex 1.410 0.419 -3.472
      vertex 1.410 0.419 -3.473
    endloop
  endfacet
  facet normal 0 0 0
    outer loop
      vertex 1.410 0.419 -3.472
      vertex 1.410 0.419 -3.473
      vertex 1.410 0.419 -3.472
    endloop
  endfacet
endsolid Default
