solid Default
  facet normal 0 0 0
    outer loop
      vertex 1.409 0.419 -2.684
      vertex 1.409 0.419 -2.684
      vertex 1.409 0.419 -2.683
    endloop
  endfacet
  facet normal 0 0 0
    outer loop
      vertex 1.409 0.419 -2.684
      vertex 1.409 0.419 -2.683
      vertex 1.409 0.419 -2.683
    endloop
  endfacet
  facet normal 0 0 0
    outer loop
      vertex 1.409 0.419 -2.684
      vertex 1.410 0.419 -2.684
      vertex 1.409 0.419 -2.684
    endloop
  endfacet
  facet normal 0 0 0
    outer loop
      vertex 1.410 0.419 -2.684
      vertex 1.409 0.419 -2.684
      vertex 1.410 0.419 -2.684
    endloop
  endfacet
  facet normal 0 0 0
    outer loop
      vertex 1.409 0.419 -2.684
      vertex 1.410 0.419 -2.684
      vertex 1.409 0.419 -2.683
    endloop
  endfacet
  facet normal 0 0 0
    outer loop
      vertex 1.410 0.419 -2.684
      vertex 1.409 0.419 -2.683
      vertex 1.410 0.419 -2.683
    endloop
  endfacet
  facet normal 0 0 0
    outer loop
      vertex 1.409 0.419 -2.683
      vertex 1.409 0.419 -2.683
      vertex 1.409 0.419 -2.683
    endloop
  endfacet
  facet normal 0 0 0
    outer loop
      vertex 1.409 0.419 -2.683
      vertex 1.409 0.419 -2.683
      vertex 1.409 0.419 -2.683
    endloop
  endfacet
  facet normal 0 0 0
    outer loop
      vertex 1.410 0.419 -2.683
      vertex 1.409 0.419 -2.683
      vertex 1.409 0.419 -2.683
    endloop
  endfacet
  facet normal 0 0 0
    outer loop
      vertex 1.409 0.419 -2.683
      vertex 1.409 0.419 -2.683
      vertex 1.409 0.419 -2.683
    endloop
  endfacet
  facet normal 0 0 0
    outer loop
      vertex 1.409 0.419 -2.684
      vertex 1.409 0.419 -2.683
      vertex 1.410 0.419 -2.684
    endloop
  endfacet
  facet normal 0 0 0
    outer loop
      vertex 1.409 0.419 -2.683
      vertex 1.410 0.419 -2.684
      vertex 1.410 0.419 -2.683
    endloop
  endfacet
  facet normal 0 0 0
    outer loop
      vertex 1.409 0.419 -2.683
      vertex 1.409 0.419 -2.683
      vertex 1.410 0.419 -2.683
    endloop
  endfacet
  facet normal 0 0 0
    outer loop
      vertex 1.409 0.419 -2.683
      vertex 1.410 0.419 -2.683
      vertex 1.409 0.419 -2.683
    endloop
  endfacet
  facet normal 0 0 0
    outer loop
      vertex 1.409 0.419 -2.683
      vertex 1.409 0.419 -2.683
      vertex 1.409 0.419 -2.683
    endloop
  endfacet
  facet normal 0 0 0
    outer loop
      vertex 1.409 0.419 -2.683
      vertex 1.409 0.419 -2.683
      vertex 1.409 0.419 -2.683
    endloop
  endfacet
  facet normal 0 0 0
    outer loop
      vertex 1.409 0.419 -2.683
      vertex 1.410 0.419 -2.683
      vertex 1.409 0.419 -2.683
    endloop
  endfacet
  facet normal 0 0 0
    outer loop
      vertex 1.410 0.419 -2.683
      vertex 1.409 0.419 -2.683
      vertex 1.410 0.419 -2.683
    endloop
  endfacet
  facet normal 0 0 0
    outer loop
      vertex 1.410 0.419 -2.684
      vertex 1.410 0.419 -2.683
      vertex 1.410 0.419 -2.684
    endloop
  endfacet
  facet normal 0 0 0
    outer loop
      vertex 1.410 0.419 -2.683
      vertex 1.410 0.419 -2.684
      vertex 1.410 0.419 -2.683
    endloop
  endfacet
endsolid Default
