solid Default
  facet normal 0 0 0
    outer loop
      vertex 1.409 -0.658 -2.630
      vertex 1.409 -0.658 -2.630
      vertex 1.409 -0.658 -2.630
    endloop
  endfacet
  facet normal 0 0 0
    outer loop
      vertex 1.409 -0.658 -2.630
      vertex 1.409 -0.658 -2.630
      vertex 1.409 -0.658 -2.630
    endloop
  endfacet
  facet normal 0 0 0
    outer loop
      vertex 1.409 -0.658 -2.630
      vertex 1.409 -0.658 -2.630
      vertex 1.409 -0.658 -2.630
    endloop
  endfacet
  facet normal 0 0 0
    outer loop
      vertex 1.409 -0.658 -2.630
      vertex 1.409 -0.658 -2.630
      vertex 1.409 -0.658 -2.630
    endloop
  endfacet
  facet normal 0 0 0
    outer loop
      vertex 1.409 -0.658 -2.630
      vertex 1.409 -0.658 -2.630
      vertex 1.410 -0.658 -2.630
    endloop
  endfacet
  facet normal 0 0 0
    outer loop
      vertex 1.409 -0.658 -2.630
      vertex 1.410 -0.658 -2.630
      vertex 1.410 -0.658 -2.630
    endloop
  endfacet
  facet normal 0 0 0
    outer loop
      vertex 1.409 -0.658 -2.631
      vertex 1.409 -0.658 -2.631
      vertex 1.409 -0.658 -2.630
    endloop
  endfacet
  facet normal 0 0 0
    outer loop
      vertex 1.409 -0.658 -2.631
      vertex 1.409 -0.658 -2.630
      vertex 1.409 -0.658 -2.630
    endloop
  endfacet
  facet normal 0 0 0
    outer loop
      vertex 1.410 -0.658 -2.630
      vertex 1.409 -0.658 -2.630
      vertex 1.409 -0.658 -2.630
    endloop
  endfacet
  facet normal 0 0 0
    outer loop
      vertex 1.409 -0.658 -2.630
      vertex 1.409 -0.658 -2.630
      vertex 1.409 -0.658 -2.630
    endloop
  endfacet
  facet normal 0 0 0
    outer loop
      vertex 1.410 -0.658 -2.630
      vertex 1.410 -0.658 -2.631
      vertex 1.409 -0.658 -2.630
    endloop
  endfacet
  facet normal 0 0 0
    outer loop
      vertex 1.410 -0.658 -2.631
      vertex 1.409 -0.658 -2.630
      vertex 1.409 -0.658 -2.631
    endloop
  endfacet
  facet normal 0 0 0
    outer loop
      vertex 1.410 -0.658 -2.630
      vertex 1.409 -0.658 -2.630
      vertex 1.410 -0.658 -2.631
    endloop
  endfacet
  facet normal 0 0 0
    outer loop
      vertex 1.409 -0.658 -2.630
      vertex 1.410 -0.658 -2.631
      vertex 1.409 -0.658 -2.631
    endloop
  endfacet
  facet normal 0 0 0
    outer loop
      vertex 1.410 -0.658 -2.631
      vertex 1.410 -0.658 -2.631
      vertex 1.409 -0.658 -2.631
    endloop
  endfacet
  facet normal 0 0 0
    outer loop
      vertex 1.410 -0.658 -2.631
      vertex 1.409 -0.658 -2.631
      vertex 1.409 -0.658 -2.631
    endloop
  endfacet
  facet normal 0 0 0
    outer loop
      vertex 1.409 -0.658 -2.630
      vertex 1.409 -0.658 -2.630
      vertex 1.410 -0.658 -2.630
    endloop
  endfacet
  facet normal 0 0 0
    outer loop
      vertex 1.409 -0.658 -2.630
      vertex 1.410 -0.658 -2.630
      vertex 1.409 -0.658 -2.630
    endloop
  endfacet
  facet normal 0 0 0
    outer loop
      vertex 1.410 -0.658 -2.631
      vertex 1.410 -0.658 -2.630
      vertex 1.410 -0.658 -2.631
    endloop
  endfacet
  facet normal 0 0 0
    outer loop
      vertex 1.410 -0.658 -2.630
      vertex 1.410 -0.658 -2.631
      vertex 1.410 -0.658 -2.630
    endloop
  endfacet
endsolid Default
