solid Default
  facet normal 0 0 0
    outer loop
      vertex 1.409 -0.658 -3.448
      vertex 1.409 -0.658 -3.448
      vertex 1.409 -0.658 -3.448
    endloop
  endfacet
  facet normal 0 0 0
    outer loop
      vertex 1.409 -0.658 -3.448
      vertex 1.409 -0.658 -3.448
      vertex 1.409 -0.658 -3.448
    endloop
  endfacet
  facet normal 0 0 0
    outer loop
      vertex 1.409 -0.658 -3.448
      vertex 1.410 -0.658 -3.449
      vertex 1.409 -0.658 -3.448
    endloop
  endfacet
  facet normal 0 0 0
    outer loop
      vertex 1.410 -0.658 -3.449
      vertex 1.409 -0.658 -3.448
      vertex 1.410 -0.658 -3.449
    endloop
  endfacet
  facet normal 0 0 0
    outer loop
      vertex 1.409 -0.658 -3.448
      vertex 1.410 -0.658 -3.449
      vertex 1.409 -0.658 -3.448
    endloop
  endfacet
  facet normal 0 0 0
    outer loop
      vertex 1.410 -0.658 -3.449
      vertex 1.409 -0.658 -3.448
      vertex 1.410 -0.658 -3.448
    endloop
  endfacet
  facet normal 0 0 0
    outer loop
      vertex 1.409 -0.658 -3.448
      vertex 1.409 -0.658 -3.447
      vertex 1.409 -0.658 -3.448
    endloop
  endfacet
  facet normal 0 0 0
    outer loop
      vertex 1.409 -0.658 -3.447
      vertex 1.409 -0.658 -3.448
      vertex 1.409 -0.658 -3.447
    endloop
  endfacet
  facet normal 0 0 0
    outer loop
      vertex 1.410 -0.658 -3.448
      vertex 1.409 -0.658 -3.448
      vertex 1.409 -0.658 -3.447
    endloop
  endfacet
  facet normal 0 0 0
    outer loop
      vertex 1.409 -0.658 -3.448
      vertex 1.409 -0.658 -3.447
      vertex 1.409 -0.658 -3.447
    endloop
  endfacet
  facet normal 0 0 0
    outer loop
      vertex 1.409 -0.658 -3.448
      vertex 1.409 -0.658 -3.448
      vertex 1.410 -0.658 -3.449
    endloop
  endfacet
  facet normal 0 0 0
    outer loop
      vertex 1.409 -0.658 -3.448
      vertex 1.410 -0.658 -3.449
      vertex 1.410 -0.658 -3.448
    endloop
  endfacet
  facet normal 0 0 0
    outer loop
      vertex 1.409 -0.658 -3.448
      vertex 1.409 -0.658 -3.447
      vertex 1.410 -0.658 -3.448
    endloop
  endfacet
  facet normal 0 0 0
    outer loop
      vertex 1.409 -0.658 -3.447
      vertex 1.410 -0.658 -3.448
      vertex 1.409 -0.658 -3.447
    endloop
  endfacet
  facet normal 0 0 0
    outer loop
      vertex 1.409 -0.658 -3.447
      vertex 1.409 -0.658 -3.447
      vertex 1.409 -0.658 -3.447
    endloop
  endfacet
  facet normal 0 0 0
    outer loop
      vertex 1.409 -0.658 -3.447
      vertex 1.409 -0.658 -3.447
      vertex 1.409 -0.658 -3.447
    endloop
  endfacet
  facet normal 0 0 0
    outer loop
      vertex 1.409 -0.658 -3.447
      vertex 1.410 -0.658 -3.448
      vertex 1.409 -0.658 -3.447
    endloop
  endfacet
  facet normal 0 0 0
    outer loop
      vertex 1.410 -0.658 -3.448
      vertex 1.409 -0.658 -3.447
      vertex 1.410 -0.658 -3.448
    endloop
  endfacet
  facet normal 0 0 0
    outer loop
      vertex 1.410 -0.658 -3.449
      vertex 1.410 -0.658 -3.448
      vertex 1.410 -0.658 -3.449
    endloop
  endfacet
  facet normal 0 0 0
    outer loop
      vertex 1.410 -0.658 -3.448
      vertex 1.410 -0.658 -3.449
      vertex 1.410 -0.658 -3.448
    endloop
  endfacet
endsolid Default
