solid Default
  facet normal 0 0 0
    outer loop
      vertex 12.277 4.985 39.227
      vertex 12.277 4.985 39.227
      vertex 12.277 4.985 39.227
    endloop
  endfacet
  facet normal 0 0 0
    outer loop
      vertex 12.277 4.985 39.227
      vertex 12.277 4.985 39.227
      vertex 12.277 4.985 39.227
    endloop
  endfacet
  facet normal 0 0 0
    outer loop
      vertex 12.277 4.985 39.227
      vertex 12.277 4.985 39.227
      vertex 12.278 4.985 39.227
    endloop
  endfacet
  facet normal 0 0 0
    outer loop
      vertex 12.277 4.985 39.227
      vertex 12.278 4.985 39.227
      vertex 12.278 4.985 39.227
    endloop
  endfacet
  facet normal 0 0 0
    outer loop
      vertex 12.278 4.985 39.228
      vertex 12.278 4.985 39.227
      vertex 12.277 4.985 39.227
    endloop
  endfacet
  facet normal 0 0 0
    outer loop
      vertex 12.278 4.985 39.227
      vertex 12.277 4.985 39.227
      vertex 12.277 4.985 39.227
    endloop
  endfacet
  facet normal 0 0 0
    outer loop
      vertex 12.277 4.985 39.227
      vertex 12.278 4.985 39.228
      vertex 12.277 4.985 39.227
    endloop
  endfacet
  facet normal 0 0 0
    outer loop
      vertex 12.278 4.985 39.228
      vertex 12.277 4.985 39.227
      vertex 12.278 4.985 39.227
    endloop
  endfacet
  facet normal 0 0 0
    outer loop
      vertex 12.277 4.985 39.227
      vertex 12.277 4.985 39.227
      vertex 12.278 4.985 39.228
    endloop
  endfacet
  facet normal 0 0 0
    outer loop
      vertex 12.277 4.985 39.227
      vertex 12.278 4.985 39.228
      vertex 12.278 4.985 39.228
    endloop
  endfacet
  facet normal 0 0 0
    outer loop
      vertex 12.278 4.985 39.227
      vertex 12.278 4.985 39.227
      vertex 12.278 4.985 39.228
    endloop
  endfacet
  facet normal 0 0 0
    outer loop
      vertex 12.278 4.985 39.227
      vertex 12.278 4.985 39.228
      vertex 12.278 4.985 39.228
    endloop
  endfacet
endsolid Default
