solid Default
  facet normal 0 0 0
    outer loop
      vertex 42.151 3.715 2.396
      vertex 42.151 3.716 2.396
      vertex 42.151 3.715 2.396
    endloop
  endfacet
  facet normal 0 0 0
    outer loop
      vertex 42.151 3.716 2.396
      vertex 42.151 3.715 2.396
      vertex 42.151 3.716 2.396
    endloop
  endfacet
  facet normal 0 0 0
    outer loop
      vertex 42.152 3.716 2.396
      vertex 42.151 3.715 2.396
      vertex 42.152 3.716 2.396
    endloop
  endfacet
  facet normal 0 0 0
    outer loop
      vertex 42.151 3.715 2.396
      vertex 42.152 3.716 2.396
      vertex 42.151 3.716 2.396
    endloop
  endfacet
  facet normal 0 0 0
    outer loop
      vertex 42.151 3.716 2.396
      vertex 42.152 3.716 2.396
      vertex 42.151 3.716 2.396
    endloop
  endfacet
  facet normal 0 0 0
    outer loop
      vertex 42.152 3.716 2.396
      vertex 42.151 3.716 2.396
      vertex 42.152 3.716 2.396
    endloop
  endfacet
  facet normal 0 0 0
    outer loop
      vertex 42.151 3.716 2.396
      vertex 42.151 3.716 2.396
      vertex 42.151 3.715 2.396
    endloop
  endfacet
  facet normal 0 0 0
    outer loop
      vertex 42.151 3.716 2.396
      vertex 42.151 3.715 2.396
      vertex 42.151 3.715 2.396
    endloop
  endfacet
  facet normal 0 0 0
    outer loop
      vertex 42.151 3.716 2.396
      vertex 42.152 3.716 2.396
      vertex 42.151 3.715 2.396
    endloop
  endfacet
  facet normal 0 0 0
    outer loop
      vertex 42.152 3.716 2.396
      vertex 42.151 3.715 2.396
      vertex 42.152 3.716 2.396
    endloop
  endfacet
  facet normal 0 0 0
    outer loop
      vertex 42.152 3.716 2.396
      vertex 42.152 3.716 2.396
      vertex 42.152 3.716 2.396
    endloop
  endfacet
  facet normal 0 0 0
    outer loop
      vertex 42.152 3.716 2.396
      vertex 42.152 3.716 2.396
      vertex 42.152 3.716 2.396
    endloop
  endfacet
  facet normal 0 0 0
    outer loop
      vertex 42.151 3.715 2.396
      vertex 42.152 3.716 2.396
      vertex 42.152 3.716 2.396
    endloop
  endfacet
  facet normal 0 0 0
    outer loop
      vertex 42.152 3.716 2.396
      vertex 42.151 3.715 2.396
      vertex 42.151 3.715 2.396
    endloop
  endfacet
  facet normal 0 0 0
    outer loop
      vertex 42.151 3.716 2.396
      vertex 42.151 3.716 2.396
      vertex 42.151 3.716 2.396
    endloop
  endfacet
  facet normal 0 0 0
    outer loop
      vertex 42.151 3.715 2.396
      vertex 42.151 3.715 2.396
      vertex 42.151 3.715 2.396
    endloop
  endfacet
endsolid Default
