solid Default
  facet normal 0 0 0
    outer loop
      vertex 66.797 13.043 4.473
      vertex 66.797 13.043 4.473
      vertex 66.798 13.043 4.473
    endloop
  endfacet
  facet normal 0 0 0
    outer loop
      vertex 66.797 13.043 4.473
      vertex 66.798 13.043 4.473
      vertex 66.798 13.043 4.473
    endloop
  endfacet
  facet normal 0 0 0
    outer loop
      vertex 66.798 13.043 4.473
      vertex 66.798 13.043 4.473
      vertex 66.798 13.043 4.473
    endloop
  endfacet
  facet normal 0 0 0
    outer loop
      vertex 66.798 13.043 4.473
      vertex 66.798 13.043 4.473
      vertex 66.798 13.043 4.473
    endloop
  endfacet
  facet normal 0 0 0
    outer loop
      vertex 66.797 13.043 4.473
      vertex 66.798 13.043 4.473
      vertex 66.797 13.043 4.472
    endloop
  endfacet
  facet normal 0 0 0
    outer loop
      vertex 66.798 13.043 4.473
      vertex 66.797 13.043 4.472
      vertex 66.798 13.043 4.473
    endloop
  endfacet
  facet normal 0 0 0
    outer loop
      vertex 66.797 13.043 4.472
      vertex 66.798 13.043 4.473
      vertex 66.797 13.043 4.472
    endloop
  endfacet
  facet normal 0 0 0
    outer loop
      vertex 66.797 13.043 4.473
      vertex 66.797 13.043 4.472
      vertex 66.798 13.043 4.473
    endloop
  endfacet
  facet normal 0 0 0
    outer loop
      vertex 66.797 13.043 4.472
      vertex 66.798 13.043 4.473
      vertex 66.797 13.043 4.472
    endloop
  endfacet
  facet normal 0 0 0
    outer loop
      vertex 66.798 13.043 4.473
      vertex 66.797 13.043 4.472
      vertex 66.798 13.043 4.473
    endloop
  endfacet
  facet normal 0 0 0
    outer loop
      vertex 66.797 13.043 4.472
      vertex 66.797 13.043 4.472
      vertex 66.797 13.043 4.472
    endloop
  endfacet
  facet normal 0 0 0
    outer loop
      vertex 66.797 13.043 4.472
      vertex 66.797 13.043 4.472
      vertex 66.797 13.043 4.472
    endloop
  endfacet
  facet normal 0 0 0
    outer loop
      vertex 66.797 13.043 4.472
      vertex 66.797 13.043 4.472
      vertex 66.798 13.043 4.473
    endloop
  endfacet
  facet normal 0 0 0
    outer loop
      vertex 66.797 13.043 4.472
      vertex 66.798 13.043 4.473
      vertex 66.798 13.043 4.473
    endloop
  endfacet
  facet normal 0 0 0
    outer loop
      vertex 66.797 13.043 4.473
      vertex 66.797 13.043 4.473
      vertex 66.797 13.043 4.472
    endloop
  endfacet
  facet normal 0 0 0
    outer loop
      vertex 66.797 13.043 4.473
      vertex 66.797 13.043 4.472
      vertex 66.797 13.043 4.472
    endloop
  endfacet
endsolid Default
