solid Default
  facet normal 0 0 0
    outer loop
      vertex 23.615 -4.799 27.186
      vertex 23.615 -4.799 27.186
      vertex 23.615 -4.799 27.185
    endloop
  endfacet
  facet normal 0 0 0
    outer loop
      vertex 23.615 -4.799 27.186
      vertex 23.615 -4.799 27.185
      vertex 23.615 -4.799 27.185
    endloop
  endfacet
  facet normal 0 0 0
    outer loop
      vertex 23.615 -4.799 27.185
      vertex 23.615 -4.799 27.185
      vertex 23.616 -4.799 27.185
    endloop
  endfacet
  facet normal 0 0 0
    outer loop
      vertex 23.615 -4.799 27.185
      vertex 23.616 -4.799 27.185
      vertex 23.616 -4.799 27.185
    endloop
  endfacet
  facet normal 0 0 0
    outer loop
      vertex 23.616 -4.799 27.185
      vertex 23.616 -4.799 27.185
      vertex 23.616 -4.799 27.185
    endloop
  endfacet
  facet normal 0 0 0
    outer loop
      vertex 23.616 -4.799 27.185
      vertex 23.616 -4.799 27.185
      vertex 23.616 -4.799 27.185
    endloop
  endfacet
  facet normal 0 0 0
    outer loop
      vertex 23.616 -4.799 27.185
      vertex 23.616 -4.799 27.185
      vertex 23.616 -4.799 27.185
    endloop
  endfacet
  facet normal 0 0 0
    outer loop
      vertex 23.616 -4.799 27.185
      vertex 23.616 -4.799 27.185
      vertex 23.616 -4.799 27.185
    endloop
  endfacet
  facet normal 0 0 0
    outer loop
      vertex 23.616 -4.799 27.185
      vertex 23.616 -4.799 27.185
      vertex 23.616 -4.799 27.185
    endloop
  endfacet
  facet normal 0 0 0
    outer loop
      vertex 23.616 -4.799 27.185
      vertex 23.616 -4.799 27.185
      vertex 23.616 -4.799 27.185
    endloop
  endfacet
  facet normal 0 0 0
    outer loop
      vertex 23.616 -4.799 27.185
      vertex 23.616 -4.799 27.185
      vertex 23.616 -4.799 27.185
    endloop
  endfacet
  facet normal 0 0 0
    outer loop
      vertex 23.616 -4.799 27.185
      vertex 23.615 -4.799 27.186
      vertex 23.616 -4.799 27.185
    endloop
  endfacet
  facet normal 0 0 0
    outer loop
      vertex 23.615 -4.799 27.186
      vertex 23.616 -4.799 27.185
      vertex 23.615 -4.799 27.185
    endloop
  endfacet
  facet normal 0 0 0
    outer loop
      vertex 23.616 -4.799 27.185
      vertex 23.615 -4.799 27.185
      vertex 23.616 -4.799 27.185
    endloop
  endfacet
  facet normal 0 0 0
    outer loop
      vertex 23.615 -4.799 27.185
      vertex 23.616 -4.799 27.185
      vertex 23.616 -4.799 27.185
    endloop
  endfacet
  facet normal 0 0 0
    outer loop
      vertex 23.616 -4.799 27.185
      vertex 23.616 -4.799 27.185
      vertex 23.616 -4.799 27.185
    endloop
  endfacet
  facet normal 0 0 0
    outer loop
      vertex 23.616 -4.799 27.185
      vertex 23.616 -4.799 27.185
      vertex 23.616 -4.799 27.185
    endloop
  endfacet
  facet normal 0 0 0
    outer loop
      vertex 23.616 -4.799 27.185
      vertex 23.616 -4.799 27.185
      vertex 23.616 -4.799 27.185
    endloop
  endfacet
  facet normal 0 0 0
    outer loop
      vertex 23.616 -4.799 27.185
      vertex 23.616 -4.799 27.185
      vertex 23.615 -4.799 27.185
    endloop
  endfacet
  facet normal 0 0 0
    outer loop
      vertex 23.616 -4.799 27.185
      vertex 23.615 -4.799 27.185
      vertex 23.615 -4.799 27.186
    endloop
  endfacet
  facet normal 0 0 0
    outer loop
      vertex 23.616 -4.799 27.185
      vertex 23.616 -4.799 27.185
      vertex 23.615 -4.799 27.186
    endloop
  endfacet
  facet normal 0 0 0
    outer loop
      vertex 23.616 -4.799 27.185
      vertex 23.615 -4.799 27.186
      vertex 23.615 -4.799 27.186
    endloop
  endfacet
  facet normal 0 0 0
    outer loop
      vertex 23.616 -4.799 27.185
      vertex 23.615 -4.799 27.186
      vertex 23.616 -4.799 27.185
    endloop
  endfacet
  facet normal 0 0 0
    outer loop
      vertex 23.616 -4.799 27.185
      vertex 23.616 -4.799 27.185
      vertex 23.616 -4.799 27.185
    endloop
  endfacet
endsolid Default
