solid Default
  facet normal 0 0 0
    outer loop
      vertex 3.292 -0.803 -3.290
      vertex 3.294 -0.803 -3.291
      vertex 3.292 -0.803 -3.290
    endloop
  endfacet
  facet normal 0 0 0
    outer loop
      vertex 3.294 -0.803 -3.291
      vertex 3.292 -0.803 -3.290
      vertex 3.294 -0.803 -3.291
    endloop
  endfacet
  facet normal 0 0 0
    outer loop
      vertex 3.292 -0.803 -3.290
      vertex 3.294 -0.803 -3.289
      vertex 3.292 -0.803 -3.290
    endloop
  endfacet
  facet normal 0 0 0
    outer loop
      vertex 3.294 -0.803 -3.289
      vertex 3.292 -0.803 -3.290
      vertex 3.294 -0.803 -3.291
    endloop
  endfacet
  facet normal 0 0 0
    outer loop
      vertex 3.292 -0.803 -3.290
      vertex 3.292 -0.803 -3.290
      vertex 3.294 -0.803 -3.289
    endloop
  endfacet
  facet normal 0 0 0
    outer loop
      vertex 3.292 -0.803 -3.290
      vertex 3.294 -0.803 -3.289
      vertex 3.294 -0.803 -3.291
    endloop
  endfacet
  facet normal 0 0 0
    outer loop
      vertex 3.295 -0.803 -3.291
      vertex 3.297 -0.803 -3.290
      vertex 3.295 -0.803 -3.291
    endloop
  endfacet
  facet normal 0 0 0
    outer loop
      vertex 3.297 -0.803 -3.290
      vertex 3.295 -0.803 -3.291
      vertex 3.297 -0.803 -3.290
    endloop
  endfacet
  facet normal 0 0 0
    outer loop
      vertex 3.295 -0.803 -3.291
      vertex 3.297 -0.803 -3.290
      vertex 3.295 -0.803 -3.289
    endloop
  endfacet
  facet normal 0 0 0
    outer loop
      vertex 3.297 -0.803 -3.290
      vertex 3.295 -0.803 -3.289
      vertex 3.297 -0.803 -3.290
    endloop
  endfacet
  facet normal 0 0 0
    outer loop
      vertex 3.295 -0.803 -3.289
      vertex 3.297 -0.803 -3.290
      vertex 3.295 -0.803 -3.291
    endloop
  endfacet
  facet normal 0 0 0
    outer loop
      vertex 3.297 -0.803 -3.290
      vertex 3.295 -0.803 -3.291
      vertex 3.297 -0.803 -3.290
    endloop
  endfacet
  facet normal 0 0 0
    outer loop
      vertex 3.292 -0.803 -3.290
      vertex 3.292 -0.803 -3.290
      vertex 3.292 -0.803 -3.290
    endloop
  endfacet
  facet normal 0 0 0
    outer loop
      vertex 3.297 -0.803 -3.290
      vertex 3.297 -0.803 -3.290
      vertex 3.297 -0.803 -3.290
    endloop
  endfacet
endsolid Default
