solid Default
  facet normal 0 0 0
    outer loop
      vertex 14010540013193979010729639936.000 -7525251324239606038218871406592.000 -7525392768560500949832312029184.000
      vertex 14010550638518565467431370752.000 -7525251324239606038218871406592.000 -7525392768560500949832312029184.000
      vertex 14010534110235875423673122816.000 -7525251324239606038218871406592.000 -7525392768560500949832312029184.000
    endloop
  endfacet
  facet normal 0 0 0
    outer loop
      vertex 14010550638518565467431370752.000 -7525251324239606038218871406592.000 -7525392768560500949832312029184.000
      vertex 14010534110235875423673122816.000 -7525251324239606038218871406592.000 -7525392768560500949832312029184.000
      vertex 14010554180293427619665281024.000 -7525251324239606038218871406592.000 -7525392768560500949832312029184.000
    endloop
  endfacet
  facet normal 0 0 0
    outer loop
      vertex 14010534110235875423673122816.000 -7525251324239606038218871406592.000 -7525392768560500949832312029184.000
      vertex 14010554180293427619665281024.000 -7525251324239606038218871406592.000 -7525392768560500949832312029184.000
      vertex 14010535290827496141084426240.000 -7525251324239606038218871406592.000 -7525392768560500949832312029184.000
    endloop
  endfacet
  facet normal 0 0 0
    outer loop
      vertex 14010554180293427619665281024.000 -7525251324239606038218871406592.000 -7525392768560500949832312029184.000
      vertex 14010535290827496141084426240.000 -7525251324239606038218871406592.000 -7525392768560500949832312029184.000
      vertex 14010551819110186184842674176.000 -7525251324239606038218871406592.000 -7525392768560500949832312029184.000
    endloop
  endfacet
  facet normal 0 0 0
    outer loop
      vertex 14010535290827496141084426240.000 -7525251324239606038218871406592.000 -7525392768560500949832312029184.000
      vertex 14010551819110186184842674176.000 -7525251324239606038218871406592.000 -7525392768560500949832312029184.000
      vertex 14010538832602358293318336512.000 -7525251324239606038218871406592.000 -7525392768560500949832312029184.000
    endloop
  endfacet
  facet normal 0 0 0
    outer loop
      vertex 14010551819110186184842674176.000 -7525251324239606038218871406592.000 -7525392768560500949832312029184.000
      vertex 14010538832602358293318336512.000 -7525251324239606038218871406592.000 -7525392768560500949832312029184.000
      vertex 14010548277335324032608763904.000 -7525251324239606038218871406592.000 -7525392768560500949832312029184.000
    endloop
  endfacet
  facet normal 0 0 0
    outer loop
      vertex 14010538832602358293318336512.000 -7525251324239606038218871406592.000 -7525392768560500949832312029184.000
      vertex 14010548277335324032608763904.000 -7525251324239606038218871406592.000 -7525392768560500949832312029184.000
      vertex 14010537652010737575907033088.000 -7525251324239606038218871406592.000 -7525392768560500949832312029184.000
    endloop
  endfacet
  facet normal 0 0 0
    outer loop
      vertex 14010548277335324032608763904.000 -7525251324239606038218871406592.000 -7525392768560500949832312029184.000
      vertex 14010537652010737575907033088.000 -7525251324239606038218871406592.000 -7525392768560500949832312029184.000
      vertex 14010548277335324032608763904.000 -7525251324239606038218871406592.000 -7525392768560500949832312029184.000
    endloop
  endfacet
  facet normal 0 0 0
    outer loop
      vertex 14010536471419116858495729664.000 -7525251324239606038218871406592.000 -7525392768560500949832312029184.000
      vertex 14010547096743703315197460480.000 -7525251324239606038218871406592.000 -7525392768560500949832312029184.000
      vertex 14010536471419116858495729664.000 -7525251324239606038218871406592.000 -7525392768560500949832312029184.000
    endloop
  endfacet
  facet normal 0 0 0
    outer loop
      vertex 14010547096743703315197460480.000 -7525251324239606038218871406592.000 -7525392768560500949832312029184.000
      vertex 14010536471419116858495729664.000 -7525251324239606038218871406592.000 -7525392768560500949832312029184.000
      vertex 14010545916152082597786157056.000 -7525251324239606038218871406592.000 -7525392768560500949832312029184.000
    endloop
  endfacet
  facet normal 0 0 0
    outer loop
      vertex 14010536471419116858495729664.000 -7525251324239606038218871406592.000 -7525392768560500949832312029184.000
      vertex 14010545916152082597786157056.000 -7525251324239606038218871406592.000 -7525392768560500949832312029184.000
      vertex 14010532929644254706261819392.000 -7525251324239606038218871406592.000 -7525392768560500949832312029184.000
    endloop
  endfacet
  facet normal 0 0 0
    outer loop
      vertex 14010545916152082597786157056.000 -7525251324239606038218871406592.000 -7525392768560500949832312029184.000
      vertex 14010532929644254706261819392.000 -7525251324239606038218871406592.000 -7525392768560500949832312029184.000
      vertex 14010549457926944750020067328.000 -7525251324239606038218871406592.000 -7525392768560500949832312029184.000
    endloop
  endfacet
  facet normal 0 0 0
    outer loop
      vertex 14010532929644254706261819392.000 -7525251324239606038218871406592.000 -7525392768560500949832312029184.000
      vertex 14010549457926944750020067328.000 -7525251324239606038218871406592.000 -7525392768560500949832312029184.000
      vertex 14010531749052633988850515968.000 -7525251324239606038218871406592.000 -7525392768560500949832312029184.000
    endloop
  endfacet
  facet normal 0 0 0
    outer loop
      vertex 14010549457926944750020067328.000 -7525251324239606038218871406592.000 -7525392768560500949832312029184.000
      vertex 14010531749052633988850515968.000 -7525251324239606038218871406592.000 -7525392768560500949832312029184.000
      vertex 14010551819110186184842674176.000 -7525251324239606038218871406592.000 -7525392768560500949832312029184.000
    endloop
  endfacet
  facet normal 0 0 0
    outer loop
      vertex 14010531749052633988850515968.000 -7525251324239606038218871406592.000 -7525392768560500949832312029184.000
      vertex 14010551819110186184842674176.000 -7525251324239606038218871406592.000 -7525392768560500949832312029184.000
      vertex 14010537652010737575907033088.000 -7525251324239606038218871406592.000 -7525392768560500949832312029184.000
    endloop
  endfacet
  facet normal 0 0 0
    outer loop
      vertex 14010551819110186184842674176.000 -7525251324239606038218871406592.000 -7525392768560500949832312029184.000
      vertex 14010537652010737575907033088.000 -7525251324239606038218871406592.000 -7525392768560500949832312029184.000
      vertex 14010548277335324032608763904.000 -7525251324239606038218871406592.000 -7525392768560500949832312029184.000
    endloop
  endfacet
  facet normal 0 0 0
    outer loop
      vertex 14010550638518565467431370752.000 -7525251324239606038218871406592.000 -7525392768560500949832312029184.000
      vertex 14010551819110186184842674176.000 -7525251324239606038218871406592.000 -7525392768560500949832312029184.000
      vertex 14010554180293427619665281024.000 -7525251324239606038218871406592.000 -7525392768560500949832312029184.000
    endloop
  endfacet
  facet normal 0 0 0
    outer loop
      vertex 14010551819110186184842674176.000 -7525251324239606038218871406592.000 -7525392768560500949832312029184.000
      vertex 14010554180293427619665281024.000 -7525251324239606038218871406592.000 -7525392768560500949832312029184.000
      vertex 14010557722068289771899191296.000 -7525251324239606038218871406592.000 -7525392768560500949832312029184.000
    endloop
  endfacet
  facet normal 0 0 0
    outer loop
      vertex 14010554180293427619665281024.000 -7525251324239606038218871406592.000 -7525392768560500949832312029184.000
      vertex 14010557722068289771899191296.000 -7525251324239606038218871406592.000 -7525392768560500949832312029184.000
      vertex 14010551819110186184842674176.000 -7525251324239606038218871406592.000 -7525392768560500949832312029184.000
    endloop
  endfacet
  facet normal 0 0 0
    outer loop
      vertex 14010557722068289771899191296.000 -7525251324239606038218871406592.000 -7525392768560500949832312029184.000
      vertex 14010551819110186184842674176.000 -7525251324239606038218871406592.000 -7525392768560500949832312029184.000
      vertex 14010554180293427619665281024.000 -7525251324239606038218871406592.000 -7525392768560500949832312029184.000
    endloop
  endfacet
  facet normal 0 0 0
    outer loop
      vertex 14010551819110186184842674176.000 -7525251324239606038218871406592.000 -7525392768560500949832312029184.000
      vertex 14010554180293427619665281024.000 -7525251324239606038218871406592.000 -7525392768560500949832312029184.000
      vertex 14010548277335324032608763904.000 -7525251324239606038218871406592.000 -7525392768560500949832312029184.000
    endloop
  endfacet
  facet normal 0 0 0
    outer loop
      vertex 14010554180293427619665281024.000 -7525251324239606038218871406592.000 -7525392768560500949832312029184.000
      vertex 14010548277335324032608763904.000 -7525251324239606038218871406592.000 -7525392768560500949832312029184.000
      vertex 14010548277335324032608763904.000 -7525251324239606038218871406592.000 -7525392768560500949832312029184.000
    endloop
  endfacet
  facet normal 0 0 0
    outer loop
      vertex 14010545916152082597786157056.000 -7525251324239606038218871406592.000 -7525392768560500949832312029184.000
      vertex 14010549457926944750020067328.000 -7525251324239606038218871406592.000 -7525392768560500949832312029184.000
      vertex 14010554180293427619665281024.000 -7525251324239606038218871406592.000 -7525392768560500949832312029184.000
    endloop
  endfacet
  facet normal 0 0 0
    outer loop
      vertex 14010549457926944750020067328.000 -7525251324239606038218871406592.000 -7525392768560500949832312029184.000
      vertex 14010554180293427619665281024.000 -7525251324239606038218871406592.000 -7525392768560500949832312029184.000
      vertex 14010551819110186184842674176.000 -7525251324239606038218871406592.000 -7525392768560500949832312029184.000
    endloop
  endfacet
  facet normal 0 0 0
    outer loop
      vertex 14010554180293427619665281024.000 -7525251324239606038218871406592.000 -7525392768560500949832312029184.000
      vertex 14010551819110186184842674176.000 -7525251324239606038218871406592.000 -7525392768560500949832312029184.000
      vertex 14010557722068289771899191296.000 -7525251324239606038218871406592.000 -7525392768560500949832312029184.000
    endloop
  endfacet
  facet normal 0 0 0
    outer loop
      vertex 14010551819110186184842674176.000 -7525251324239606038218871406592.000 -7525392768560500949832312029184.000
      vertex 14010557722068289771899191296.000 -7525251324239606038218871406592.000 -7525392768560500949832312029184.000
      vertex 14010548277335324032608763904.000 -7525251324239606038218871406592.000 -7525392768560500949832312029184.000
    endloop
  endfacet
  facet normal 0 0 0
    outer loop
      vertex 14010557722068289771899191296.000 -7525251324239606038218871406592.000 -7525392768560500949832312029184.000
      vertex 14010548277335324032608763904.000 -7525251324239606038218871406592.000 -7525392768560500949832312029184.000
      vertex 14010551819110186184842674176.000 -7525251324239606038218871406592.000 -7525392768560500949832312029184.000
    endloop
  endfacet
  facet normal 0 0 0
    outer loop
      vertex 14010537652010737575907033088.000 -7525251324239606038218871406592.000 -7525392768560500949832312029184.000
      vertex 14010531749052633988850515968.000 -7525251324239606038218871406592.000 -7525392768560500949832312029184.000
      vertex 14010536471419116858495729664.000 -7525251324239606038218871406592.000 -7525392768560500949832312029184.000
    endloop
  endfacet
  facet normal 0 0 0
    outer loop
      vertex 14010531749052633988850515968.000 -7525251324239606038218871406592.000 -7525392768560500949832312029184.000
      vertex 14010536471419116858495729664.000 -7525251324239606038218871406592.000 -7525392768560500949832312029184.000
      vertex 14010528207277771836616605696.000 -7525251324239606038218871406592.000 -7525392768560500949832312029184.000
    endloop
  endfacet
  facet normal 0 0 0
    outer loop
      vertex 14010536471419116858495729664.000 -7525251324239606038218871406592.000 -7525392768560500949832312029184.000
      vertex 14010528207277771836616605696.000 -7525251324239606038218871406592.000 -7525392768560500949832312029184.000
      vertex 14010540013193979010729639936.000 -7525251324239606038218871406592.000 -7525392768560500949832312029184.000
    endloop
  endfacet
  facet normal 0 0 0
    outer loop
      vertex 14010528207277771836616605696.000 -7525251324239606038218871406592.000 -7525392768560500949832312029184.000
      vertex 14010540013193979010729639936.000 -7525251324239606038218871406592.000 -7525392768560500949832312029184.000
      vertex 14010534110235875423673122816.000 -7525251324239606038218871406592.000 -7525392768560500949832312029184.000
    endloop
  endfacet
  facet normal 0 0 0
    outer loop
      vertex 14010536471419116858495729664.000 -7525251324239606038218871406592.000 -7525392768560500949832312029184.000
      vertex 14010536471419116858495729664.000 -7525251324239606038218871406592.000 -7525392768560500949832312029184.000
      vertex 14010532929644254706261819392.000 -7525251324239606038218871406592.000 -7525392768560500949832312029184.000
    endloop
  endfacet
  facet normal 0 0 0
    outer loop
      vertex 14010536471419116858495729664.000 -7525251324239606038218871406592.000 -7525392768560500949832312029184.000
      vertex 14010532929644254706261819392.000 -7525251324239606038218871406592.000 -7525392768560500949832312029184.000
      vertex 14010530568461013271439212544.000 -7525251324239606038218871406592.000 -7525392768560500949832312029184.000
    endloop
  endfacet
  facet normal 0 0 0
    outer loop
      vertex 14010532929644254706261819392.000 -7525251324239606038218871406592.000 -7525392768560500949832312029184.000
      vertex 14010530568461013271439212544.000 -7525251324239606038218871406592.000 -7525392768560500949832312029184.000
      vertex 14010528207277771836616605696.000 -7525251324239606038218871406592.000 -7525392768560500949832312029184.000
    endloop
  endfacet
  facet normal 0 0 0
    outer loop
      vertex 14010530568461013271439212544.000 -7525251324239606038218871406592.000 -7525392768560500949832312029184.000
      vertex 14010528207277771836616605696.000 -7525251324239606038218871406592.000 -7525392768560500949832312029184.000
      vertex 14010534110235875423673122816.000 -7525251324239606038218871406592.000 -7525392768560500949832312029184.000
    endloop
  endfacet
  facet normal 0 0 0
    outer loop
      vertex 14010534110235875423673122816.000 -7525251324239606038218871406592.000 -7525392768560500949832312029184.000
      vertex 14010535290827496141084426240.000 -7525251324239606038218871406592.000 -7525392768560500949832312029184.000
      vertex 14010530568461013271439212544.000 -7525251324239606038218871406592.000 -7525392768560500949832312029184.000
    endloop
  endfacet
  facet normal 0 0 0
    outer loop
      vertex 14010535290827496141084426240.000 -7525251324239606038218871406592.000 -7525392768560500949832312029184.000
      vertex 14010530568461013271439212544.000 -7525251324239606038218871406592.000 -7525392768560500949832312029184.000
      vertex 14010538832602358293318336512.000 -7525251324239606038218871406592.000 -7525392768560500949832312029184.000
    endloop
  endfacet
  facet normal 0 0 0
    outer loop
      vertex 14010530568461013271439212544.000 -7525251324239606038218871406592.000 -7525392768560500949832312029184.000
      vertex 14010538832602358293318336512.000 -7525251324239606038218871406592.000 -7525392768560500949832312029184.000
      vertex 14010537652010737575907033088.000 -7525251324239606038218871406592.000 -7525392768560500949832312029184.000
    endloop
  endfacet
  facet normal 0 0 0
    outer loop
      vertex 14010537652010737575907033088.000 -7525251324239606038218871406592.000 -7525392768560500949832312029184.000
      vertex 14010530568461013271439212544.000 -7525251324239606038218871406592.000 -7525392768560500949832312029184.000
      vertex 14010536471419116858495729664.000 -7525251324239606038218871406592.000 -7525392768560500949832312029184.000
    endloop
  endfacet
  facet normal 0 0 0
    outer loop
      vertex 14010530568461013271439212544.000 -7525251324239606038218871406592.000 -7525392768560500949832312029184.000
      vertex 14010536471419116858495729664.000 -7525251324239606038218871406592.000 -7525392768560500949832312029184.000
      vertex 14010536471419116858495729664.000 -7525251324239606038218871406592.000 -7525392768560500949832312029184.000
    endloop
  endfacet
  facet normal 0 0 0
    outer loop
      vertex 14010548277335324032608763904.000 -7525251324239606038218871406592.000 -7525392768560500949832312029184.000
      vertex 14010547096743703315197460480.000 -7525251324239606038218871406592.000 -7525392768560500949832312029184.000
      vertex 14010554180293427619665281024.000 -7525251324239606038218871406592.000 -7525392768560500949832312029184.000
    endloop
  endfacet
  facet normal 0 0 0
    outer loop
      vertex 14010547096743703315197460480.000 -7525251324239606038218871406592.000 -7525392768560500949832312029184.000
      vertex 14010554180293427619665281024.000 -7525251324239606038218871406592.000 -7525392768560500949832312029184.000
      vertex 14010545916152082597786157056.000 -7525251324239606038218871406592.000 -7525392768560500949832312029184.000
    endloop
  endfacet
  facet normal 0 0 0
    outer loop
      vertex 14010550638518565467431370752.000 -7525251324239606038218871406592.000 -7525392768560500949832312029184.000
      vertex 14010540013193979010729639936.000 -7525251324239606038218871406592.000 -7525392768560500949832312029184.000
      vertex 14010551819110186184842674176.000 -7525251324239606038218871406592.000 -7525392768560500949832312029184.000
    endloop
  endfacet
  facet normal 0 0 0
    outer loop
      vertex 14010540013193979010729639936.000 -7525251324239606038218871406592.000 -7525392768560500949832312029184.000
      vertex 14010551819110186184842674176.000 -7525251324239606038218871406592.000 -7525392768560500949832312029184.000
      vertex 14010536471419116858495729664.000 -7525251324239606038218871406592.000 -7525392768560500949832312029184.000
    endloop
  endfacet
  facet normal 0 0 0
    outer loop
      vertex 14010536471419116858495729664.000 -7525251324239606038218871406592.000 -7525392768560500949832312029184.000
      vertex 14010536471419116858495729664.000 -7525251324239606038218871406592.000 -7525392768560500949832312029184.000
      vertex 14010548277335324032608763904.000 -7525251324239606038218871406592.000 -7525392768560500949832312029184.000
    endloop
  endfacet
  facet normal 0 0 0
    outer loop
      vertex 14010536471419116858495729664.000 -7525251324239606038218871406592.000 -7525392768560500949832312029184.000
      vertex 14010548277335324032608763904.000 -7525251324239606038218871406592.000 -7525392768560500949832312029184.000
      vertex 14010547096743703315197460480.000 -7525251324239606038218871406592.000 -7525392768560500949832312029184.000
    endloop
  endfacet
  facet normal 0 0 0
    outer loop
      vertex 14010548277335324032608763904.000 -7525251324239606038218871406592.000 -7525392768560500949832312029184.000
      vertex 14010536471419116858495729664.000 -7525251324239606038218871406592.000 -7525392768560500949832312029184.000
      vertex 14010548277335324032608763904.000 -7525251324239606038218871406592.000 -7525392768560500949832312029184.000
    endloop
  endfacet
  facet normal 0 0 0
    outer loop
      vertex 14010536471419116858495729664.000 -7525251324239606038218871406592.000 -7525392768560500949832312029184.000
      vertex 14010548277335324032608763904.000 -7525251324239606038218871406592.000 -7525392768560500949832312029184.000
      vertex 14010537652010737575907033088.000 -7525251324239606038218871406592.000 -7525392768560500949832312029184.000
    endloop
  endfacet
  facet normal 0 0 0
    outer loop
      vertex 14010537652010737575907033088.000 -7525251324239606038218871406592.000 -7525392768560500949832312029184.000
      vertex 14010536471419116858495729664.000 -7525251324239606038218871406592.000 -7525392768560500949832312029184.000
      vertex 14010548277335324032608763904.000 -7525251324239606038218871406592.000 -7525392768560500949832312029184.000
    endloop
  endfacet
  facet normal 0 0 0
    outer loop
      vertex 14010536471419116858495729664.000 -7525251324239606038218871406592.000 -7525392768560500949832312029184.000
      vertex 14010548277335324032608763904.000 -7525251324239606038218871406592.000 -7525392768560500949832312029184.000
      vertex 14010551819110186184842674176.000 -7525251324239606038218871406592.000 -7525392768560500949832312029184.000
    endloop
  endfacet
  facet normal 0 0 0
    outer loop
      vertex 14010528207277771836616605696.000 -7525251324239606038218871406592.000 -7525392768560500949832312029184.000
      vertex 14010532929644254706261819392.000 -7525251324239606038218871406592.000 -7525392768560500949832312029184.000
      vertex 14010531749052633988850515968.000 -7525251324239606038218871406592.000 -7525392768560500949832312029184.000
    endloop
  endfacet
  facet normal 0 0 0
    outer loop
      vertex 14010548277335324032608763904.000 -7525251324239606038218871406592.000 -7525392768560500949832312029184.000
      vertex 14010551819110186184842674176.000 -7525251324239606038218871406592.000 -7525392768560500949832312029184.000
      vertex 14010548277335324032608763904.000 -7525251324239606038218871406592.000 -7525392768560500949832312029184.000
    endloop
  endfacet
endsolid Default
