solid Default
  facet normal 0 0 0
    outer loop
      vertex 14010522304319668249560088576.000 -7525251324239606038218871406592.000 -7525392768560500949832312029184.000
      vertex 14010522304319668249560088576.000 -7525251324239606038218871406592.000 -7525392768560500949832312029184.000
      vertex 14010518762544806097326178304.000 -7525251324239606038218871406592.000 -7525392768560500949832312029184.000
    endloop
  endfacet
  facet normal 0 0 0
    outer loop
      vertex 14010522304319668249560088576.000 -7525251324239606038218871406592.000 -7525392768560500949832312029184.000
      vertex 14010518762544806097326178304.000 -7525251324239606038218871406592.000 -7525392768560500949832312029184.000
      vertex 14010518762544806097326178304.000 -7525251324239606038218871406592.000 -7525392768560500949832312029184.000
    endloop
  endfacet
  facet normal 0 0 0
    outer loop
      vertex 14010518762544806097326178304.000 -7525251324239606038218871406592.000 -7525392768560500949832312029184.000
      vertex 14010518762544806097326178304.000 -7525251324239606038218871406592.000 -7525392768560500949832312029184.000
      vertex 14010529387869392554027909120.000 -7525251324239606038218871406592.000 -7525392768560500949832312029184.000
    endloop
  endfacet
  facet normal 0 0 0
    outer loop
      vertex 14010518762544806097326178304.000 -7525251324239606038218871406592.000 -7525392768560500949832312029184.000
      vertex 14010529387869392554027909120.000 -7525251324239606038218871406592.000 -7525392768560500949832312029184.000
      vertex 14010529387869392554027909120.000 -7525251324239606038218871406592.000 -7525392768560500949832312029184.000
    endloop
  endfacet
  facet normal 0 0 0
    outer loop
      vertex 14010529387869392554027909120.000 -7525251324239606038218871406592.000 -7525392768560500949832312029184.000
      vertex 14010529387869392554027909120.000 -7525251324239606038218871406592.000 -7525392768560500949832312029184.000
      vertex 14010543554968841162963550208.000 -7525251324239606038218871406592.000 -7525392768560500949832312029184.000
    endloop
  endfacet
  facet normal 0 0 0
    outer loop
      vertex 14010529387869392554027909120.000 -7525251324239606038218871406592.000 -7525392768560500949832312029184.000
      vertex 14010543554968841162963550208.000 -7525251324239606038218871406592.000 -7525392768560500949832312029184.000
      vertex 14010543554968841162963550208.000 -7525251324239606038218871406592.000 -7525392768560500949832312029184.000
    endloop
  endfacet
  facet normal 0 0 0
    outer loop
      vertex 14010543554968841162963550208.000 -7525251324239606038218871406592.000 -7525392768560500949832312029184.000
      vertex 14010543554968841162963550208.000 -7525251324239606038218871406592.000 -7525392768560500949832312029184.000
      vertex 14010557722068289771899191296.000 -7525251324239606038218871406592.000 -7525392768560500949832312029184.000
    endloop
  endfacet
  facet normal 0 0 0
    outer loop
      vertex 14010543554968841162963550208.000 -7525251324239606038218871406592.000 -7525392768560500949832312029184.000
      vertex 14010557722068289771899191296.000 -7525251324239606038218871406592.000 -7525392768560500949832312029184.000
      vertex 14010557722068289771899191296.000 -7525251324239606038218871406592.000 -7525392768560500949832312029184.000
    endloop
  endfacet
  facet normal 0 0 0
    outer loop
      vertex 14010557722068289771899191296.000 -7525251324239606038218871406592.000 -7525392768560500949832312029184.000
      vertex 14010557722068289771899191296.000 -7525251324239606038218871406592.000 -7525392768560500949832312029184.000
      vertex 14010568347392876228600922112.000 -7525251324239606038218871406592.000 -7525392768560500949832312029184.000
    endloop
  endfacet
  facet normal 0 0 0
    outer loop
      vertex 14010557722068289771899191296.000 -7525251324239606038218871406592.000 -7525392768560500949832312029184.000
      vertex 14010568347392876228600922112.000 -7525251324239606038218871406592.000 -7525392768560500949832312029184.000
      vertex 14010568347392876228600922112.000 -7525251324239606038218871406592.000 -7525392768560500949832312029184.000
    endloop
  endfacet
  facet normal 0 0 0
    outer loop
      vertex 14010568347392876228600922112.000 -7525251324239606038218871406592.000 -7525392768560500949832312029184.000
      vertex 14010568347392876228600922112.000 -7525251324239606038218871406592.000 -7525392768560500949832312029184.000
      vertex 14010564805618014076367011840.000 -7525251324239606038218871406592.000 -7525392768560500949832312029184.000
    endloop
  endfacet
  facet normal 0 0 0
    outer loop
      vertex 14010543554968841162963550208.000 -7525251324239606038218871406592.000 -7525392768560500949832312029184.000
      vertex 14010557722068289771899191296.000 -7525251324239606038218871406592.000 -7525392768560500949832312029184.000
      vertex 14010529387869392554027909120.000 -7525251324239606038218871406592.000 -7525392768560500949832312029184.000
    endloop
  endfacet
  facet normal 0 0 0
    outer loop
      vertex 14010557722068289771899191296.000 -7525251324239606038218871406592.000 -7525392768560500949832312029184.000
      vertex 14010529387869392554027909120.000 -7525251324239606038218871406592.000 -7525392768560500949832312029184.000
      vertex 14010568347392876228600922112.000 -7525251324239606038218871406592.000 -7525392768560500949832312029184.000
    endloop
  endfacet
  facet normal 0 0 0
    outer loop
      vertex 14010529387869392554027909120.000 -7525251324239606038218871406592.000 -7525392768560500949832312029184.000
      vertex 14010568347392876228600922112.000 -7525251324239606038218871406592.000 -7525392768560500949832312029184.000
      vertex 14010518762544806097326178304.000 -7525251324239606038218871406592.000 -7525392768560500949832312029184.000
    endloop
  endfacet
  facet normal 0 0 0
    outer loop
      vertex 14010568347392876228600922112.000 -7525251324239606038218871406592.000 -7525392768560500949832312029184.000
      vertex 14010518762544806097326178304.000 -7525251324239606038218871406592.000 -7525392768560500949832312029184.000
      vertex 14010564805618014076367011840.000 -7525251324239606038218871406592.000 -7525392768560500949832312029184.000
    endloop
  endfacet
  facet normal 0 0 0
    outer loop
      vertex 14010518762544806097326178304.000 -7525251324239606038218871406592.000 -7525392768560500949832312029184.000
      vertex 14010564805618014076367011840.000 -7525251324239606038218871406592.000 -7525392768560500949832312029184.000
      vertex 14010522304319668249560088576.000 -7525251324239606038218871406592.000 -7525392768560500949832312029184.000
    endloop
  endfacet
  facet normal 0 0 0
    outer loop
      vertex 14010543554968841162963550208.000 -7525251324239606038218871406592.000 -7525392768560500949832312029184.000
      vertex 14010529387869392554027909120.000 -7525251324239606038218871406592.000 -7525392768560500949832312029184.000
      vertex 14010557722068289771899191296.000 -7525251324239606038218871406592.000 -7525392768560500949832312029184.000
    endloop
  endfacet
  facet normal 0 0 0
    outer loop
      vertex 14010529387869392554027909120.000 -7525251324239606038218871406592.000 -7525392768560500949832312029184.000
      vertex 14010557722068289771899191296.000 -7525251324239606038218871406592.000 -7525392768560500949832312029184.000
      vertex 14010518762544806097326178304.000 -7525251324239606038218871406592.000 -7525392768560500949832312029184.000
    endloop
  endfacet
  facet normal 0 0 0
    outer loop
      vertex 14010557722068289771899191296.000 -7525251324239606038218871406592.000 -7525392768560500949832312029184.000
      vertex 14010518762544806097326178304.000 -7525251324239606038218871406592.000 -7525392768560500949832312029184.000
      vertex 14010568347392876228600922112.000 -7525251324239606038218871406592.000 -7525392768560500949832312029184.000
    endloop
  endfacet
  facet normal 0 0 0
    outer loop
      vertex 14010518762544806097326178304.000 -7525251324239606038218871406592.000 -7525392768560500949832312029184.000
      vertex 14010568347392876228600922112.000 -7525251324239606038218871406592.000 -7525392768560500949832312029184.000
      vertex 14010564805618014076367011840.000 -7525251324239606038218871406592.000 -7525392768560500949832312029184.000
    endloop
  endfacet
  facet normal 0 0 0
    outer loop
      vertex 14010564805618014076367011840.000 -7525251324239606038218871406592.000 -7525392768560500949832312029184.000
      vertex 14010564805618014076367011840.000 -7525251324239606038218871406592.000 -7525392768560500949832312029184.000
      vertex 14010522304319668249560088576.000 -7525251324239606038218871406592.000 -7525392768560500949832312029184.000
    endloop
  endfacet
  facet normal 0 0 0
    outer loop
      vertex 14010564805618014076367011840.000 -7525251324239606038218871406592.000 -7525392768560500949832312029184.000
      vertex 14010522304319668249560088576.000 -7525251324239606038218871406592.000 -7525392768560500949832312029184.000
      vertex 14010522304319668249560088576.000 -7525251324239606038218871406592.000 -7525392768560500949832312029184.000
    endloop
  endfacet
  facet normal 0 0 0
    outer loop
      vertex 14010564805618014076367011840.000 -7525251324239606038218871406592.000 -7525392768560500949832312029184.000
      vertex 14010568347392876228600922112.000 -7525251324239606038218871406592.000 -7525392768560500949832312029184.000
      vertex 14010564805618014076367011840.000 -7525251324239606038218871406592.000 -7525392768560500949832312029184.000
    endloop
  endfacet
  facet normal 0 0 0
    outer loop
      vertex 14010518762544806097326178304.000 -7525251324239606038218871406592.000 -7525392768560500949832312029184.000
      vertex 14010564805618014076367011840.000 -7525251324239606038218871406592.000 -7525392768560500949832312029184.000
      vertex 14010522304319668249560088576.000 -7525251324239606038218871406592.000 -7525392768560500949832312029184.000
    endloop
  endfacet
endsolid Default
