solid Default
  facet normal 0 0 0
    outer loop
      vertex 14010529387869392554027909120.000 -7525251324239606038218871406592.000 -7525392768560500949832312029184.000
      vertex 14010529387869392554027909120.000 -7525251324239606038218871406592.000 -7525392768560500949832312029184.000
      vertex 14010525846094530401793998848.000 -7525251324239606038218871406592.000 -7525392768560500949832312029184.000
    endloop
  endfacet
  facet normal 0 0 0
    outer loop
      vertex 14010529387869392554027909120.000 -7525251324239606038218871406592.000 -7525392768560500949832312029184.000
      vertex 14010525846094530401793998848.000 -7525251324239606038218871406592.000 -7525392768560500949832312029184.000
      vertex 14010525846094530401793998848.000 -7525251324239606038218871406592.000 -7525392768560500949832312029184.000
    endloop
  endfacet
  facet normal 0 0 0
    outer loop
      vertex 14010525846094530401793998848.000 -7525251324239606038218871406592.000 -7525392768560500949832312029184.000
      vertex 14010525846094530401793998848.000 -7525251324239606038218871406592.000 -7525392768560500949832312029184.000
      vertex 14010532929644254706261819392.000 -7525251324239606038218871406592.000 -7525392768560500949832312029184.000
    endloop
  endfacet
  facet normal 0 0 0
    outer loop
      vertex 14010525846094530401793998848.000 -7525251324239606038218871406592.000 -7525392768560500949832312029184.000
      vertex 14010532929644254706261819392.000 -7525251324239606038218871406592.000 -7525392768560500949832312029184.000
      vertex 14010532929644254706261819392.000 -7525251324239606038218871406592.000 -7525392768560500949832312029184.000
    endloop
  endfacet
  facet normal 0 0 0
    outer loop
      vertex 14010532929644254706261819392.000 -7525251324239606038218871406592.000 -7525392768560500949832312029184.000
      vertex 14010532929644254706261819392.000 -7525251324239606038218871406592.000 -7525392768560500949832312029184.000
      vertex 14010543554968841162963550208.000 -7525251324239606038218871406592.000 -7525392768560500949832312029184.000
    endloop
  endfacet
  facet normal 0 0 0
    outer loop
      vertex 14010532929644254706261819392.000 -7525251324239606038218871406592.000 -7525392768560500949832312029184.000
      vertex 14010543554968841162963550208.000 -7525251324239606038218871406592.000 -7525392768560500949832312029184.000
      vertex 14010543554968841162963550208.000 -7525251324239606038218871406592.000 -7525392768560500949832312029184.000
    endloop
  endfacet
  facet normal 0 0 0
    outer loop
      vertex 14010543554968841162963550208.000 -7525251324239606038218871406592.000 -7525392768560500949832312029184.000
      vertex 14010543554968841162963550208.000 -7525251324239606038218871406592.000 -7525392768560500949832312029184.000
      vertex 14010554180293427619665281024.000 -7525251324239606038218871406592.000 -7525392768560500949832312029184.000
    endloop
  endfacet
  facet normal 0 0 0
    outer loop
      vertex 14010543554968841162963550208.000 -7525251324239606038218871406592.000 -7525392768560500949832312029184.000
      vertex 14010554180293427619665281024.000 -7525251324239606038218871406592.000 -7525392768560500949832312029184.000
      vertex 14010554180293427619665281024.000 -7525251324239606038218871406592.000 -7525392768560500949832312029184.000
    endloop
  endfacet
  facet normal 0 0 0
    outer loop
      vertex 14010554180293427619665281024.000 -7525251324239606038218871406592.000 -7525392768560500949832312029184.000
      vertex 14010554180293427619665281024.000 -7525251324239606038218871406592.000 -7525392768560500949832312029184.000
      vertex 14010561263843151924133101568.000 -7525251324239606038218871406592.000 -7525392768560500949832312029184.000
    endloop
  endfacet
  facet normal 0 0 0
    outer loop
      vertex 14010554180293427619665281024.000 -7525251324239606038218871406592.000 -7525392768560500949832312029184.000
      vertex 14010561263843151924133101568.000 -7525251324239606038218871406592.000 -7525392768560500949832312029184.000
      vertex 14010561263843151924133101568.000 -7525251324239606038218871406592.000 -7525392768560500949832312029184.000
    endloop
  endfacet
  facet normal 0 0 0
    outer loop
      vertex 14010561263843151924133101568.000 -7525251324239606038218871406592.000 -7525392768560500949832312029184.000
      vertex 14010561263843151924133101568.000 -7525251324239606038218871406592.000 -7525392768560500949832312029184.000
      vertex 14010557722068289771899191296.000 -7525251324239606038218871406592.000 -7525392768560500949832312029184.000
    endloop
  endfacet
  facet normal 0 0 0
    outer loop
      vertex 14010543554968841162963550208.000 -7525251324239606038218871406592.000 -7525392768560500949832312029184.000
      vertex 14010554180293427619665281024.000 -7525251324239606038218871406592.000 -7525392768560500949832312029184.000
      vertex 14010532929644254706261819392.000 -7525251324239606038218871406592.000 -7525392768560500949832312029184.000
    endloop
  endfacet
  facet normal 0 0 0
    outer loop
      vertex 14010554180293427619665281024.000 -7525251324239606038218871406592.000 -7525392768560500949832312029184.000
      vertex 14010532929644254706261819392.000 -7525251324239606038218871406592.000 -7525392768560500949832312029184.000
      vertex 14010561263843151924133101568.000 -7525251324239606038218871406592.000 -7525392768560500949832312029184.000
    endloop
  endfacet
  facet normal 0 0 0
    outer loop
      vertex 14010532929644254706261819392.000 -7525251324239606038218871406592.000 -7525392768560500949832312029184.000
      vertex 14010561263843151924133101568.000 -7525251324239606038218871406592.000 -7525392768560500949832312029184.000
      vertex 14010525846094530401793998848.000 -7525251324239606038218871406592.000 -7525392768560500949832312029184.000
    endloop
  endfacet
  facet normal 0 0 0
    outer loop
      vertex 14010561263843151924133101568.000 -7525251324239606038218871406592.000 -7525392768560500949832312029184.000
      vertex 14010525846094530401793998848.000 -7525251324239606038218871406592.000 -7525392768560500949832312029184.000
      vertex 14010557722068289771899191296.000 -7525251324239606038218871406592.000 -7525392768560500949832312029184.000
    endloop
  endfacet
  facet normal 0 0 0
    outer loop
      vertex 14010525846094530401793998848.000 -7525251324239606038218871406592.000 -7525392768560500949832312029184.000
      vertex 14010557722068289771899191296.000 -7525251324239606038218871406592.000 -7525392768560500949832312029184.000
      vertex 14010529387869392554027909120.000 -7525251324239606038218871406592.000 -7525392768560500949832312029184.000
    endloop
  endfacet
  facet normal 0 0 0
    outer loop
      vertex 14010543554968841162963550208.000 -7525251324239606038218871406592.000 -7525392768560500949832312029184.000
      vertex 14010532929644254706261819392.000 -7525251324239606038218871406592.000 -7525392768560500949832312029184.000
      vertex 14010554180293427619665281024.000 -7525251324239606038218871406592.000 -7525392768560500949832312029184.000
    endloop
  endfacet
  facet normal 0 0 0
    outer loop
      vertex 14010532929644254706261819392.000 -7525251324239606038218871406592.000 -7525392768560500949832312029184.000
      vertex 14010554180293427619665281024.000 -7525251324239606038218871406592.000 -7525392768560500949832312029184.000
      vertex 14010525846094530401793998848.000 -7525251324239606038218871406592.000 -7525392768560500949832312029184.000
    endloop
  endfacet
  facet normal 0 0 0
    outer loop
      vertex 14010554180293427619665281024.000 -7525251324239606038218871406592.000 -7525392768560500949832312029184.000
      vertex 14010525846094530401793998848.000 -7525251324239606038218871406592.000 -7525392768560500949832312029184.000
      vertex 14010561263843151924133101568.000 -7525251324239606038218871406592.000 -7525392768560500949832312029184.000
    endloop
  endfacet
  facet normal 0 0 0
    outer loop
      vertex 14010525846094530401793998848.000 -7525251324239606038218871406592.000 -7525392768560500949832312029184.000
      vertex 14010561263843151924133101568.000 -7525251324239606038218871406592.000 -7525392768560500949832312029184.000
      vertex 14010557722068289771899191296.000 -7525251324239606038218871406592.000 -7525392768560500949832312029184.000
    endloop
  endfacet
  facet normal 0 0 0
    outer loop
      vertex 14010557722068289771899191296.000 -7525251324239606038218871406592.000 -7525392768560500949832312029184.000
      vertex 14010557722068289771899191296.000 -7525251324239606038218871406592.000 -7525392768560500949832312029184.000
      vertex 14010529387869392554027909120.000 -7525251324239606038218871406592.000 -7525392768560500949832312029184.000
    endloop
  endfacet
  facet normal 0 0 0
    outer loop
      vertex 14010557722068289771899191296.000 -7525251324239606038218871406592.000 -7525392768560500949832312029184.000
      vertex 14010529387869392554027909120.000 -7525251324239606038218871406592.000 -7525392768560500949832312029184.000
      vertex 14010529387869392554027909120.000 -7525251324239606038218871406592.000 -7525392768560500949832312029184.000
    endloop
  endfacet
  facet normal 0 0 0
    outer loop
      vertex 14010557722068289771899191296.000 -7525251324239606038218871406592.000 -7525392768560500949832312029184.000
      vertex 14010561263843151924133101568.000 -7525251324239606038218871406592.000 -7525392768560500949832312029184.000
      vertex 14010557722068289771899191296.000 -7525251324239606038218871406592.000 -7525392768560500949832312029184.000
    endloop
  endfacet
  facet normal 0 0 0
    outer loop
      vertex 14010525846094530401793998848.000 -7525251324239606038218871406592.000 -7525392768560500949832312029184.000
      vertex 14010557722068289771899191296.000 -7525251324239606038218871406592.000 -7525392768560500949832312029184.000
      vertex 14010529387869392554027909120.000 -7525251324239606038218871406592.000 -7525392768560500949832312029184.000
    endloop
  endfacet
endsolid Default
