solid Default
  facet normal 0 0 0
    outer loop
      vertex 14010517581953185379914874880.000 -7525251324239606038218871406592.000 -7525392768560500949832312029184.000
      vertex 14010543554968841162963550208.000 -7525251324239606038218871406592.000 -7525392768560500949832312029184.000
      vertex 14010517581953185379914874880.000 -7525251324239606038218871406592.000 -7525392768560500949832312029184.000
    endloop
  endfacet
  facet normal 0 0 0
    outer loop
      vertex 14010543554968841162963550208.000 -7525251324239606038218871406592.000 -7525392768560500949832312029184.000
      vertex 14010517581953185379914874880.000 -7525251324239606038218871406592.000 -7525392768560500949832312029184.000
      vertex 14010543554968841162963550208.000 -7525251324239606038218871406592.000 -7525392768560500949832312029184.000
    endloop
  endfacet
  facet normal 0 0 0
    outer loop
      vertex 14010517581953185379914874880.000 -7525251324239606038218871406592.000 -7525392768560500949832312029184.000
      vertex 14010543554968841162963550208.000 -7525251324239606038218871406592.000 -7525392768560500949832312029184.000
      vertex 14010528207277771836616605696.000 -7525251324239606038218871406592.000 -7525392768560500949832312029184.000
    endloop
  endfacet
  facet normal 0 0 0
    outer loop
      vertex 14010543554968841162963550208.000 -7525251324239606038218871406592.000 -7525392768560500949832312029184.000
      vertex 14010528207277771836616605696.000 -7525251324239606038218871406592.000 -7525392768560500949832312029184.000
      vertex 14010543554968841162963550208.000 -7525251324239606038218871406592.000 -7525392768560500949832312029184.000
    endloop
  endfacet
  facet normal 0 0 0
    outer loop
      vertex 14010528207277771836616605696.000 -7525251324239606038218871406592.000 -7525392768560500949832312029184.000
      vertex 14010543554968841162963550208.000 -7525251324239606038218871406592.000 -7525392768560500949832312029184.000
      vertex 14010528207277771836616605696.000 -7525251324239606038218871406592.000 -7525392768560500949832312029184.000
    endloop
  endfacet
  facet normal 0 0 0
    outer loop
      vertex 14010543554968841162963550208.000 -7525251324239606038218871406592.000 -7525392768560500949832312029184.000
      vertex 14010528207277771836616605696.000 -7525251324239606038218871406592.000 -7525392768560500949832312029184.000
      vertex 14010543554968841162963550208.000 -7525251324239606038218871406592.000 -7525392768560500949832312029184.000
    endloop
  endfacet
  facet normal 0 0 0
    outer loop
      vertex 14010528207277771836616605696.000 -7525251324239606038218871406592.000 -7525392768560500949832312029184.000
      vertex 14010543554968841162963550208.000 -7525251324239606038218871406592.000 -7525392768560500949832312029184.000
      vertex 14010543554968841162963550208.000 -7525251324239606038218871406592.000 -7525392768560500949832312029184.000
    endloop
  endfacet
  facet normal 0 0 0
    outer loop
      vertex 14010543554968841162963550208.000 -7525251324239606038218871406592.000 -7525392768560500949832312029184.000
      vertex 14010543554968841162963550208.000 -7525251324239606038218871406592.000 -7525392768560500949832312029184.000
      vertex 14010558902659910489310494720.000 -7525251324239606038218871406592.000 -7525392768560500949832312029184.000
    endloop
  endfacet
  facet normal 0 0 0
    outer loop
      vertex 14010543554968841162963550208.000 -7525251324239606038218871406592.000 -7525392768560500949832312029184.000
      vertex 14010558902659910489310494720.000 -7525251324239606038218871406592.000 -7525392768560500949832312029184.000
      vertex 14010569527984496946012225536.000 -7525251324239606038218871406592.000 -7525392768560500949832312029184.000
    endloop
  endfacet
  facet normal 0 0 0
    outer loop
      vertex 14010558902659910489310494720.000 -7525251324239606038218871406592.000 -7525392768560500949832312029184.000
      vertex 14010569527984496946012225536.000 -7525251324239606038218871406592.000 -7525392768560500949832312029184.000
      vertex 14010569527984496946012225536.000 -7525251324239606038218871406592.000 -7525392768560500949832312029184.000
    endloop
  endfacet
  facet normal 0 0 0
    outer loop
      vertex 14010569527984496946012225536.000 -7525251324239606038218871406592.000 -7525392768560500949832312029184.000
      vertex 14010569527984496946012225536.000 -7525251324239606038218871406592.000 -7525392768560500949832312029184.000
      vertex 14010569527984496946012225536.000 -7525251324239606038218871406592.000 -7525392768560500949832312029184.000
    endloop
  endfacet
  facet normal 0 0 0
    outer loop
      vertex 14010569527984496946012225536.000 -7525251324239606038218871406592.000 -7525392768560500949832312029184.000
      vertex 14010569527984496946012225536.000 -7525251324239606038218871406592.000 -7525392768560500949832312029184.000
      vertex 14010569527984496946012225536.000 -7525251324239606038218871406592.000 -7525392768560500949832312029184.000
    endloop
  endfacet
  facet normal 0 0 0
    outer loop
      vertex 14010543554968841162963550208.000 -7525251324239606038218871406592.000 -7525392768560500949832312029184.000
      vertex 14010569527984496946012225536.000 -7525251324239606038218871406592.000 -7525392768560500949832312029184.000
      vertex 14010543554968841162963550208.000 -7525251324239606038218871406592.000 -7525392768560500949832312029184.000
    endloop
  endfacet
  facet normal 0 0 0
    outer loop
      vertex 14010569527984496946012225536.000 -7525251324239606038218871406592.000 -7525392768560500949832312029184.000
      vertex 14010543554968841162963550208.000 -7525251324239606038218871406592.000 -7525392768560500949832312029184.000
      vertex 14010569527984496946012225536.000 -7525251324239606038218871406592.000 -7525392768560500949832312029184.000
    endloop
  endfacet
  facet normal 0 0 0
    outer loop
      vertex 14010543554968841162963550208.000 -7525251324239606038218871406592.000 -7525392768560500949832312029184.000
      vertex 14010569527984496946012225536.000 -7525251324239606038218871406592.000 -7525392768560500949832312029184.000
      vertex 14010558902659910489310494720.000 -7525251324239606038218871406592.000 -7525392768560500949832312029184.000
    endloop
  endfacet
  facet normal 0 0 0
    outer loop
      vertex 14010569527984496946012225536.000 -7525251324239606038218871406592.000 -7525392768560500949832312029184.000
      vertex 14010558902659910489310494720.000 -7525251324239606038218871406592.000 -7525392768560500949832312029184.000
      vertex 14010558902659910489310494720.000 -7525251324239606038218871406592.000 -7525392768560500949832312029184.000
    endloop
  endfacet
  facet normal 0 0 0
    outer loop
      vertex 14010558902659910489310494720.000 -7525251324239606038218871406592.000 -7525392768560500949832312029184.000
      vertex 14010558902659910489310494720.000 -7525251324239606038218871406592.000 -7525392768560500949832312029184.000
      vertex 14010543554968841162963550208.000 -7525251324239606038218871406592.000 -7525392768560500949832312029184.000
    endloop
  endfacet
  facet normal 0 0 0
    outer loop
      vertex 14010517581953185379914874880.000 -7525251324239606038218871406592.000 -7525392768560500949832312029184.000
      vertex 14010517581953185379914874880.000 -7525251324239606038218871406592.000 -7525392768560500949832312029184.000
      vertex 14010517581953185379914874880.000 -7525251324239606038218871406592.000 -7525392768560500949832312029184.000
    endloop
  endfacet
  facet normal 0 0 0
    outer loop
      vertex 14010517581953185379914874880.000 -7525251324239606038218871406592.000 -7525392768560500949832312029184.000
      vertex 14010517581953185379914874880.000 -7525251324239606038218871406592.000 -7525392768560500949832312029184.000
      vertex 14010517581953185379914874880.000 -7525251324239606038218871406592.000 -7525392768560500949832312029184.000
    endloop
  endfacet
  facet normal 0 0 0
    outer loop
      vertex 14010517581953185379914874880.000 -7525251324239606038218871406592.000 -7525392768560500949832312029184.000
      vertex 14010517581953185379914874880.000 -7525251324239606038218871406592.000 -7525392768560500949832312029184.000
      vertex 14010528207277771836616605696.000 -7525251324239606038218871406592.000 -7525392768560500949832312029184.000
    endloop
  endfacet
  facet normal 0 0 0
    outer loop
      vertex 14010517581953185379914874880.000 -7525251324239606038218871406592.000 -7525392768560500949832312029184.000
      vertex 14010528207277771836616605696.000 -7525251324239606038218871406592.000 -7525392768560500949832312029184.000
      vertex 14010528207277771836616605696.000 -7525251324239606038218871406592.000 -7525392768560500949832312029184.000
    endloop
  endfacet
  facet normal 0 0 0
    outer loop
      vertex 14010569527984496946012225536.000 -7525251324239606038218871406592.000 -7525392768560500949832312029184.000
      vertex 14010569527984496946012225536.000 -7525251324239606038218871406592.000 -7525392768560500949832312029184.000
      vertex 14010543554968841162963550208.000 -7525251324239606038218871406592.000 -7525392768560500949832312029184.000
    endloop
  endfacet
  facet normal 0 0 0
    outer loop
      vertex 14010569527984496946012225536.000 -7525251324239606038218871406592.000 -7525392768560500949832312029184.000
      vertex 14010543554968841162963550208.000 -7525251324239606038218871406592.000 -7525392768560500949832312029184.000
      vertex 14010543554968841162963550208.000 -7525251324239606038218871406592.000 -7525392768560500949832312029184.000
    endloop
  endfacet
  facet normal 0 0 0
    outer loop
      vertex 14010543554968841162963550208.000 -7525251324239606038218871406592.000 -7525392768560500949832312029184.000
      vertex 14010543554968841162963550208.000 -7525251324239606038218871406592.000 -7525392768560500949832312029184.000
      vertex 14010517581953185379914874880.000 -7525251324239606038218871406592.000 -7525392768560500949832312029184.000
    endloop
  endfacet
  facet normal 0 0 0
    outer loop
      vertex 14010543554968841162963550208.000 -7525251324239606038218871406592.000 -7525392768560500949832312029184.000
      vertex 14010517581953185379914874880.000 -7525251324239606038218871406592.000 -7525392768560500949832312029184.000
      vertex 14010517581953185379914874880.000 -7525251324239606038218871406592.000 -7525392768560500949832312029184.000
    endloop
  endfacet
  facet normal 0 0 0
    outer loop
      vertex 14010528207277771836616605696.000 -7525251324239606038218871406592.000 -7525392768560500949832312029184.000
      vertex 14010517581953185379914874880.000 -7525251324239606038218871406592.000 -7525392768560500949832312029184.000
      vertex 14010543554968841162963550208.000 -7525251324239606038218871406592.000 -7525392768560500949832312029184.000
    endloop
  endfacet
  facet normal 0 0 0
    outer loop
      vertex 14010517581953185379914874880.000 -7525251324239606038218871406592.000 -7525392768560500949832312029184.000
      vertex 14010543554968841162963550208.000 -7525251324239606038218871406592.000 -7525392768560500949832312029184.000
      vertex 14010517581953185379914874880.000 -7525251324239606038218871406592.000 -7525392768560500949832312029184.000
    endloop
  endfacet
  facet normal 0 0 0
    outer loop
      vertex 14010543554968841162963550208.000 -7525251324239606038218871406592.000 -7525392768560500949832312029184.000
      vertex 14010517581953185379914874880.000 -7525251324239606038218871406592.000 -7525392768560500949832312029184.000
      vertex 14010543554968841162963550208.000 -7525251324239606038218871406592.000 -7525392768560500949832312029184.000
    endloop
  endfacet
  facet normal 0 0 0
    outer loop
      vertex 14010543554968841162963550208.000 -7525251324239606038218871406592.000 -7525392768560500949832312029184.000
      vertex 14010569527984496946012225536.000 -7525251324239606038218871406592.000 -7525392768560500949832312029184.000
      vertex 14010543554968841162963550208.000 -7525251324239606038218871406592.000 -7525392768560500949832312029184.000
    endloop
  endfacet
  facet normal 0 0 0
    outer loop
      vertex 14010569527984496946012225536.000 -7525251324239606038218871406592.000 -7525392768560500949832312029184.000
      vertex 14010543554968841162963550208.000 -7525251324239606038218871406592.000 -7525392768560500949832312029184.000
      vertex 14010569527984496946012225536.000 -7525251324239606038218871406592.000 -7525392768560500949832312029184.000
    endloop
  endfacet
  facet normal 0 0 0
    outer loop
      vertex 14010543554968841162963550208.000 -7525251324239606038218871406592.000 -7525392768560500949832312029184.000
      vertex 14010558902659910489310494720.000 -7525251324239606038218871406592.000 -7525392768560500949832312029184.000
      vertex 14010543554968841162963550208.000 -7525251324239606038218871406592.000 -7525392768560500949832312029184.000
    endloop
  endfacet
  facet normal 0 0 0
    outer loop
      vertex 14010558902659910489310494720.000 -7525251324239606038218871406592.000 -7525392768560500949832312029184.000
      vertex 14010543554968841162963550208.000 -7525251324239606038218871406592.000 -7525392768560500949832312029184.000
      vertex 14010543554968841162963550208.000 -7525251324239606038218871406592.000 -7525392768560500949832312029184.000
    endloop
  endfacet
endsolid Default
